800 2.0 13.640 5.800
810 2.0 12.090 5.750
820 2.0 11.370 5.800
830 2.0 10.310 5.970
840 2.0 9.570 6.240
850 2.0 8.730 6.340
860 2.0 7.940 6.500
870 2.0 7.170 6.620
880 2.0 7.707 6.408
890 2.0 7.515 7.374
900 2.0 6.472 6.928
910 2.0 7.164 7.511
920 2.0 8.135 6.453
930 2.0 7.237 7.166
940 2.0 7.294 7.542
950 2.0 8.459 7.362
960 2.0 6.674 8.197
970 2.0 7.361 7.026
980 2.0 5.856 8.415
990 2.0 4.932 8.796
830 3.0 12.490 6.600
840 3.0 11.940 6.770
850 3.0 11.030 6.840
860 3.0 10.210 6.810
870 3.0 9.360 6.850
880 3.0 8.590 6.850
890 3.0 7.780 6.840
900 3.0 6.960 6.840
910 3.0 8.160 7.418
920 3.0 7.902 7.612
930 3.0 7.240 8.466
940 3.0 7.728 7.580
950 3.0 7.790 7.950
960 3.0 6.810 7.770
970 3.0 7.371 8.641
980 3.0 5.572 8.302
990 3.0 4.934 9.158
1000 3.0 6.325 8.998
1010 3.0 4.877 9.769
1020 3.0 6.430 8.562
1050 11.0 12.510 6.190
1060 11.0 11.540 6.030
1070 11.0 10.960 5.970
1080 11.0 10.290 6.120
1090 11.0 9.880 6.210
1100 11.0 9.540 6.090
1110 11.0 8.870 5.990
1120 11.0 8.040 5.660
1130 11.0 8.187 6.009
1140 11.0 8.355 5.985
1150 11.0 8.834 7.069
1160 11.0 9.200 6.072
1170 11.0 7.207 5.740
1180 11.0 5.995 6.323
1190 11.0 6.954 6.026
1200 11.0 7.057 5.727
1210 11.0 6.486 7.343
1220 11.0 8.065 6.055
1230 11.0 7.486 6.898
1240 11.0 6.698 6.124
1050 12.0 12.090 6.950
1060 12.0 11.400 6.930
1070 12.0 10.700 6.870
1080 12.0 10.070 6.730
1090 12.0 9.450 6.510
1100 12.0 8.900 6.330
1110 12.0 8.210 6.230
1120 12.0 7.490 6.060
1130 12.0 8.590 6.926
1140 12.0 8.934 6.972
1150 12.0 7.929 7.148
1160 12.0 7.468 6.745
1170 12.0 7.490 7.374
1180 12.0 7.579 6.907
1190 12.0 6.567 7.051
1200 12.0 5.650 6.924
1210 12.0 6.603 6.782
1220 12.0 6.687 7.146
1230 12.0 6.740 7.313
1240 12.0 5.022 7.790
2860 51.0 7.050 8.440
2870 51.0 7.050 8.440
2880 51.0 7.050 8.440
2890 51.0 7.050 8.440
2900 51.0 7.050 8.440
2910 51.0 7.050 8.440
2920 51.0 7.050 8.440
2930 51.0 7.050 8.440
2940 51.0 7.070 8.476
2950 51.0 7.089 8.466
2960 51.0 7.060 8.518
2970 51.0 7.088 8.439
2980 51.0 7.116 8.474
2990 51.0 7.104 8.525
3000 51.0 7.045 8.566
3010 51.0 7.093 8.548
3020 51.0 7.100 8.579
3030 51.0 7.092 8.663
3040 51.0 7.071 8.652
3050 51.0 7.026 8.587
2860 52.0 8.090 8.840
2870 52.0 8.090 8.840
2880 52.0 8.090 8.840
2890 52.0 8.090 8.840
2900 52.0 8.090 8.840
2910 52.0 8.090 8.840
2920 52.0 8.090 8.840
2930 52.0 8.090 8.840
2940 52.0 8.176 8.874
2950 52.0 8.070 8.893
2960 52.0 8.088 8.836
2970 52.0 8.059 8.829
2980 52.0 8.082 8.851
2990 52.0 8.108 8.886
3000 52.0 8.108 8.895
3010 52.0 8.117 8.886
3020 52.0 8.142 8.914
3030 52.0 8.121 8.854
3040 52.0 8.114 8.848
3050 52.0 8.135 8.855
2860 56.0 12.320 3.350
2870 56.0 12.420 3.220
2880 56.0 12.490 3.210
2890 56.0 12.650 3.360
2900 56.0 12.790 3.450
2910 56.0 12.790 3.470
2920 56.0 12.790 3.380
2930 56.0 12.780 3.160
2940 56.0 13.018 3.062
2950 56.0 13.335 3.156
2960 56.0 13.157 3.072
2970 56.0 12.939 3.082
2980 56.0 12.964 2.946
2990 56.0 12.963 2.994
3000 56.0 13.457 3.188
3010 56.0 13.246 3.112
3020 56.0 13.371 2.933
3030 56.0 13.810 2.592
3040 56.0 13.943 2.918
3050 56.0 14.342 2.647
4330 79.0 -3.780 5.150
4340 79.0 -3.090 5.120
4350 79.0 -2.340 5.190
4360 79.0 -1.610 5.170
4370 79.0 -0.840 5.310
4380 79.0 -0.130 5.270
4390 79.0 0.610 5.360
4400 79.0 1.380 5.430
4410 79.0 0.269 4.900
4420 79.0 0.175 4.855
4430 79.0 0.201 5.111
4440 79.0 0.344 5.483
4450 79.0 0.444 5.386
4460 79.0 1.133 4.935
4470 79.0 1.244 5.283
4480 79.0 1.044 4.645
4490 79.0 1.236 4.612
4500 79.0 1.752 4.812
4510 79.0 0.673 4.744
4520 79.0 0.028 5.248
6420 126.0 -5.190 6.380
6430 126.0 -4.300 6.500
6440 126.0 -3.360 6.560
6450 126.0 -2.420 6.510
6460 126.0 -1.390 6.390
6470 126.0 -0.560 6.380
6480 126.0 0.260 6.180
6490 126.0 1.270 6.020
6500 126.0 0.360 6.187
6510 126.0 0.853 5.875
6520 126.0 0.160 5.899
6530 126.0 -0.506 6.456
6540 126.0 0.656 5.779
6550 126.0 1.341 6.170
6560 126.0 -0.692 6.346
6570 126.0 -0.732 7.456
6580 126.0 -1.116 7.426
6590 126.0 -0.171 6.671
6600 126.0 2.730 5.986
6610 126.0 1.197 6.818
6420 127.0 -5.450 7.310
6430 127.0 -4.560 7.420
6440 127.0 -3.660 7.480
6450 127.0 -2.720 7.420
6460 127.0 -1.590 7.310
6470 127.0 -0.590 7.220
6480 127.0 0.360 7.140
6490 127.0 1.320 7.050
6500 127.0 -0.201 7.038
6510 127.0 -1.159 6.969
6520 127.0 0.254 5.990
6530 127.0 -0.542 7.484
6540 127.0 0.335 6.463
6550 127.0 -0.476 6.750
6560 127.0 -0.402 6.602
6570 127.0 1.146 7.086
6580 127.0 0.864 6.380
6590 127.0 0.043 7.101
6600 127.0 -0.243 7.144
6610 127.0 0.107 7.488
8120 171.0 -0.680 8.400
8130 171.0 -0.710 8.350
8140 171.0 -0.910 8.420
8150 171.0 -1.080 8.470
8160 171.0 -1.240 8.360
8170 171.0 -1.530 8.270
8180 171.0 -1.870 8.410
8190 171.0 -1.910 8.440
8200 171.0 -1.757 8.576
8210 171.0 -2.226 8.592
8220 171.0 -2.467 9.149
8230 171.0 -2.327 9.171
8240 171.0 -2.346 9.180
8250 171.0 -2.488 9.463
8260 171.0 -2.672 9.617
8270 171.0 -2.983 9.974
8280 171.0 -3.513 10.660
8290 171.0 -3.787 10.710
8300 171.0 -4.346 10.823
8310 171.0 -4.356 10.645
8320 172.0 -1.520 8.590
8330 172.0 -1.520 8.590
8340 172.0 -1.520 8.590
8350 172.0 -1.520 8.590
8360 172.0 -1.520 8.590
8370 172.0 -1.970 8.350
8380 172.0 -2.040 8.350
8390 172.0 -2.410 8.330
8400 172.0 -2.562 8.540
8410 172.0 -2.648 8.592
8420 172.0 -2.948 8.530
8430 172.0 -3.138 8.502
8440 172.0 -2.911 8.919
8450 172.0 -2.877 8.687
8460 172.0 -3.526 8.682
8470 172.0 -3.637 8.619
8480 172.0 -4.299 9.181
8490 172.0 -4.699 9.467
8500 172.0 -5.263 9.962
8510 172.0 -5.925 10.062
8520 173.0 -3.050 8.050
8530 173.0 -3.050 8.050
8540 173.0 -3.050 8.050
8550 173.0 -2.600 8.070
8560 173.0 -2.510 7.780
8570 173.0 -2.380 7.730
8580 173.0 -1.910 7.790
8590 173.0 -1.540 7.720
8600 173.0 -1.201 7.785
8610 173.0 -1.195 7.698
8620 173.0 -0.728 7.612
8630 173.0 -0.426 7.276
8640 173.0 -0.051 7.512
8650 173.0 1.008 7.122
8660 173.0 0.398 7.588
8670 173.0 1.145 7.797
8680 173.0 0.542 7.347
8690 173.0 0.813 7.686
8700 173.0 0.985 7.573
8710 173.0 1.348 7.923
8720 174.0 3.940 8.170
8730 174.0 4.330 8.230
8740 174.0 4.730 8.380
8750 174.0 5.040 8.460
8760 174.0 5.330 8.540
8770 174.0 5.870 8.600
8780 174.0 6.270 8.500
8790 174.0 6.700 8.400
8800 174.0 6.507 8.047
8810 174.0 5.581 8.634
8820 174.0 5.976 8.256
8830 174.0 6.113 8.742
8840 174.0 6.084 8.609
8850 174.0 6.874 8.480
8860 174.0 6.886 8.272
8870 174.0 7.092 8.466
8880 174.0 7.067 8.777
8890 174.0 7.576 8.726
8900 174.0 7.337 8.619
8910 174.0 6.180 9.279
8890 195.0 12.710 4.950
8900 195.0 11.820 4.590
8910 195.0 10.960 4.340
8920 195.0 9.860 4.250
8930 195.0 9.110 4.130
8940 195.0 8.160 3.990
8950 195.0 7.270 3.930
8960 195.0 6.390 3.810
8970 195.0 7.771 4.543
8980 195.0 6.820 5.051
8990 195.0 7.463 5.452
9000 195.0 6.941 5.056
9010 195.0 6.649 5.248
9020 195.0 6.739 4.613
9030 195.0 7.318 5.055
9040 195.0 7.060 5.759
9050 195.0 6.842 5.680
9060 195.0 8.084 4.881
9070 195.0 5.797 6.063
9080 195.0 5.407 5.724
8900 196.0 13.430 5.210
8910 196.0 12.660 5.110
8920 196.0 11.820 4.850
8930 196.0 10.980 4.750
8940 196.0 10.180 4.550
8950 196.0 9.410 4.410
8960 196.0 8.720 4.260
8970 196.0 7.990 4.030
8980 196.0 9.585 5.141
8990 196.0 9.144 5.083
9000 196.0 9.164 5.324
9010 196.0 9.541 4.991
9020 196.0 8.157 4.950
9030 196.0 8.111 4.646
9040 196.0 8.104 4.940
9050 196.0 8.961 4.534
9060 196.0 7.877 5.562
9070 196.0 7.522 5.681
9080 196.0 8.243 5.551
9090 196.0 8.579 4.961
8910 197.0 12.430 6.040
8920 197.0 11.500 6.030
8930 197.0 10.810 5.800
8940 197.0 10.280 5.520
8950 197.0 9.800 5.220
8960 197.0 8.970 4.980
8970 197.0 8.180 4.880
8980 197.0 7.240 4.800
8990 197.0 7.994 5.386
9000 197.0 8.134 5.469
9010 197.0 6.952 5.429
9020 197.0 7.797 5.237
9030 197.0 6.361 5.930
9040 197.0 6.538 5.527
9050 197.0 6.646 5.807
9060 197.0 6.457 5.959
9070 197.0 5.426 6.767
9080 197.0 5.221 6.008
9090 197.0 5.107 6.561
9100 197.0 5.968 5.938
8920 175.0 5.780 7.730
8930 175.0 5.400 7.690
8940 175.0 4.990 7.720
8950 175.0 4.590 7.710
8960 175.0 4.130 7.780
8970 175.0 3.730 7.920
8980 175.0 3.300 7.970
8990 175.0 2.870 8.040
9000 175.0 3.195 7.822
9010 175.0 1.973 8.005
9020 175.0 1.787 7.914
9030 175.0 1.569 7.911
9040 175.0 0.734 7.442
9050 175.0 0.261 7.836
9060 175.0 1.521 7.245
9070 175.0 0.523 7.257
9080 175.0 0.443 8.122
9090 175.0 -0.058 7.769
9100 175.0 0.884 7.159
9110 175.0 0.415 7.570
9300 216.0 -4.260 8.110
9310 216.0 -3.980 8.010
9320 216.0 -3.840 7.960
9330 216.0 -3.310 8.210
9340 216.0 -2.900 8.260
9350 216.0 -2.790 8.410
9360 216.0 -2.510 8.430
9370 216.0 -2.230 8.460
9380 216.0 -2.366 8.031
9390 216.0 -2.452 8.283
9400 216.0 -2.515 8.664
9410 216.0 -2.696 8.487
9420 216.0 -2.494 8.589
9430 216.0 -1.893 8.367
9440 216.0 -1.361 8.407
9450 216.0 -1.540 8.457
9460 216.0 -1.441 8.527
9470 216.0 -1.074 8.119
9480 216.0 -1.716 8.466
9490 216.0 -2.265 8.435
9500 217.0 -2.250 8.280
9510 217.0 -2.780 8.500
9520 217.0 -2.810 8.440
9530 217.0 -2.980 8.140
9540 217.0 -2.980 8.140
9550 217.0 -3.270 8.070
9560 217.0 -3.270 8.070
9570 217.0 -3.270 8.070
9580 217.0 -3.373 8.325
9590 217.0 -4.033 8.694
9600 217.0 -3.687 8.623
9610 217.0 -3.639 8.646
9620 217.0 -3.870 8.771
9630 217.0 -4.077 9.018
9640 217.0 -4.466 9.601
9650 217.0 -4.759 9.913
9660 217.0 -4.674 9.844
9670 217.0 -4.960 10.032
9680 217.0 -5.078 10.098
9690 217.0 -6.213 10.651
9680 230.0 -3.110 5.320
9690 230.0 -2.090 5.210
9700 230.0 -1.280 5.330
9710 230.0 -0.440 5.260
9720 230.0 0.450 5.280
9730 230.0 1.340 5.340
9740 230.0 2.280 5.270
9750 230.0 3.180 5.200
9760 230.0 1.450 4.750
9770 230.0 1.963 5.005
9780 230.0 3.891 4.609
9790 230.0 3.049 4.437
9800 230.0 4.052 4.629
9810 230.0 2.921 4.557
9820 230.0 2.375 4.779
9830 230.0 -0.383 6.976
9840 230.0 1.460 5.852
9850 230.0 1.665 5.136
9860 230.0 2.549 4.876
9870 230.0 2.140 6.047
9680 231.0 -3.380 4.310
9690 231.0 -2.480 4.250
9700 231.0 -1.510 4.280
9710 231.0 -0.430 4.340
9720 231.0 0.480 4.390
9730 231.0 1.360 4.490
9740 231.0 2.240 4.500
9750 231.0 3.050 4.410
9760 231.0 0.959 4.841
9770 231.0 1.392 4.391
9780 231.0 1.155 4.414
9790 231.0 3.221 3.448
9800 231.0 0.185 4.910
9810 231.0 2.322 4.763
9820 231.0 2.932 4.244
9830 231.0 1.414 5.553
9840 231.0 0.075 5.770
9850 231.0 1.684 4.867
9860 231.0 1.441 3.926
9870 231.0 -0.217 6.351
9700 218.0 -4.840 7.800
9710 218.0 -4.840 7.840
9720 218.0 -4.840 7.840
9730 218.0 -4.840 7.840
9740 218.0 -4.840 7.840
9750 218.0 -4.840 7.840
9760 218.0 -4.780 7.790
9770 218.0 -4.830 7.830
9780 218.0 -4.860 7.817
9790 218.0 -4.881 7.807
9800 218.0 -4.897 7.783
9810 218.0 -4.894 7.832
9820 218.0 -4.891 7.872
9830 218.0 -4.902 7.851
9840 218.0 -4.950 7.855
9850 218.0 -4.945 7.819
9860 218.0 -4.940 7.851
9870 218.0 -4.996 7.915
9880 218.0 -4.976 7.914
9890 218.0 -4.959 7.799
9920 238.0 -2.360 6.640
9930 238.0 -1.300 6.460
9940 238.0 -0.520 6.380
9950 238.0 0.430 6.410
9960 238.0 1.290 6.330
9970 238.0 2.260 6.480
9980 238.0 3.120 6.620
9990 238.0 4.010 6.580
10000 238.0 1.219 6.440
10010 238.0 1.675 6.578
10020 238.0 2.388 6.297
10030 238.0 2.736 6.752
10040 238.0 2.258 7.465
10050 238.0 2.608 7.154
10060 238.0 3.100 6.133
10070 238.0 3.094 6.611
10080 238.0 2.116 7.637
10090 238.0 1.028 7.624
10100 238.0 1.782 7.318
10110 238.0 4.249 6.062
9920 240.0 -1.570 5.570
9930 240.0 -0.740 5.530
9940 240.0 0.070 5.490
9950 240.0 1.010 5.490
9960 240.0 1.950 5.410
9970 240.0 2.870 5.330
9980 240.0 3.750 5.370
9990 240.0 4.620 5.470
10000 240.0 2.916 5.995
10010 240.0 3.120 5.430
10020 240.0 2.851 5.879
10030 240.0 3.129 5.381
10040 240.0 3.475 5.882
10050 240.0 3.709 6.158
10060 240.0 4.505 4.410
10070 240.0 4.219 4.531
10080 240.0 3.011 6.373
10090 240.0 4.293 6.258
10100 240.0 2.360 7.258
10110 240.0 4.218 5.668
10120 239.0 11.780 4.760
10130 239.0 12.070 4.780
10140 239.0 12.290 4.670
10150 239.0 12.340 4.690
10160 239.0 12.310 4.690
10170 239.0 12.310 4.670
10180 239.0 12.310 4.620
10190 239.0 12.310 4.620
10200 239.0 12.257 4.603
10210 239.0 12.285 4.764
10220 239.0 12.305 4.828
10230 239.0 12.169 4.717
10240 239.0 12.207 4.732
10250 239.0 12.419 4.800
10260 239.0 12.312 4.660
10270 239.0 12.366 4.753
10280 239.0 12.376 4.772
10290 239.0 12.389 4.714
10300 239.0 12.596 4.815
10310 239.0 12.886 4.860
10250 257.0 12.620 6.950
10260 257.0 11.680 7.090
10270 257.0 10.740 7.200
10280 257.0 9.720 7.100
10290 257.0 8.730 7.090
10300 257.0 7.740 6.970
10310 257.0 6.860 6.750
10320 257.0 6.040 6.450
10330 257.0 8.076 6.561
10340 257.0 7.082 6.766
10350 257.0 7.174 6.748
10360 257.0 7.601 5.974
10370 257.0 8.021 6.543
10380 257.0 7.887 6.095
10390 257.0 5.464 7.145
10400 257.0 6.883 6.650
10410 257.0 6.024 6.971
10420 257.0 6.727 7.148
10430 257.0 6.535 7.562
10440 257.0 5.790 7.144
10250 258.0 -1.720 7.410
10260 258.0 -0.770 7.300
10270 258.0 0.160 7.280
10280 258.0 1.050 7.190
10290 258.0 1.960 7.180
10300 258.0 2.910 7.260
10310 258.0 3.600 7.400
10320 258.0 4.430 7.610
10330 258.0 2.760 7.449
10340 258.0 3.168 6.876
10350 258.0 3.314 6.408
10360 258.0 1.936 8.489
10370 258.0 1.936 7.912
10380 258.0 3.251 7.776
10390 258.0 3.542 7.412
10400 258.0 3.736 7.657
10410 258.0 4.428 6.084
10420 258.0 2.980 7.412
10430 258.0 3.877 7.775
10440 258.0 3.453 7.510
10250 259.0 -2.220 6.660
10260 259.0 -1.220 6.450
10270 259.0 -0.170 6.320
10280 259.0 0.820 6.310
10290 259.0 1.740 6.310
10300 259.0 2.640 6.360
10310 259.0 3.460 6.610
10320 259.0 4.330 6.820
10330 259.0 2.233 6.766
10340 259.0 2.467 6.879
10350 259.0 2.051 7.397
10360 259.0 1.694 7.092
10370 259.0 3.235 7.169
10380 259.0 2.577 7.458
10390 259.0 1.627 8.149
10400 259.0 1.694 8.220
10410 259.0 1.862 7.997
10420 259.0 1.781 7.767
10430 259.0 2.935 7.109
10440 259.0 3.337 7.247
10260 260.0 12.230 6.630
10270 260.0 11.230 6.650
10280 260.0 10.060 6.750
10290 260.0 9.180 6.580
10300 260.0 8.130 6.480
10310 260.0 7.210 6.050
10320 260.0 6.240 5.750
10330 260.0 5.240 5.550
10340 260.0 7.578 6.650
10350 260.0 6.810 7.483
10360 260.0 6.660 7.588
10370 260.0 7.614 7.811
10380 260.0 6.732 8.009
10390 260.0 5.859 8.416
10400 260.0 6.164 8.550
10410 260.0 6.001 8.087
10420 260.0 6.602 8.244
10430 260.0 6.504 8.334
10440 260.0 5.309 8.775
10450 260.0 4.567 8.875
10280 261.0 12.700 7.000
10290 261.0 11.590 7.140
10300 261.0 10.830 7.500
10310 261.0 9.750 7.480
10320 261.0 8.720 7.310
10330 261.0 7.780 6.960
10340 261.0 6.790 6.600
10350 261.0 5.800 6.270
10360 261.0 7.734 8.610
10370 261.0 7.688 7.448
10380 261.0 7.122 7.362
10390 261.0 6.594 7.730
10400 261.0 7.197 8.130
10410 261.0 7.404 8.367
10420 261.0 5.684 8.847
10430 261.0 5.913 8.819
10440 261.0 6.798 8.274
10450 261.0 7.131 8.363
10460 261.0 6.708 8.222
10470 261.0 4.067 9.286
10300 263.0 -1.980 5.100
10310 263.0 -1.020 5.220
10320 263.0 -0.190 5.440
10330 263.0 0.700 5.760
10340 263.0 1.570 6.100
10350 263.0 2.590 6.400
10360 263.0 3.570 6.630
10370 263.0 4.400 6.800
10380 263.0 2.667 5.541
10390 263.0 1.877 5.704
10400 263.0 2.480 5.183
10410 263.0 2.673 5.521
10420 263.0 1.965 6.198
10430 263.0 2.543 5.869
10440 263.0 1.797 5.689
10450 263.0 2.303 5.815
10460 263.0 1.275 6.786
10470 263.0 2.625 5.648
10480 263.0 2.236 5.612
10490 263.0 2.524 5.862
10300 264.0 -2.160 5.980
10310 264.0 -1.260 5.980
10320 264.0 -0.390 6.180
10330 264.0 0.550 6.440
10340 264.0 1.420 6.730
10350 264.0 2.390 7.070
10360 264.0 3.330 7.350
10370 264.0 4.170 7.580
10380 264.0 2.466 6.021
10390 264.0 2.704 5.913
10400 264.0 1.760 6.358
10410 264.0 2.131 6.750
10420 264.0 1.141 6.745
10430 264.0 1.894 5.702
10440 264.0 2.258 6.232
10450 264.0 2.461 5.899
10460 264.0 3.548 5.369
10470 264.0 2.978 5.961
10480 264.0 3.068 6.273
10490 264.0 2.241 6.859
10300 265.0 -2.070 1.900
10310 265.0 -1.210 1.870
10320 265.0 -0.130 1.950
10330 265.0 0.940 2.130
10340 265.0 2.000 2.210
10350 265.0 3.000 2.250
10360 265.0 4.020 2.400
10370 265.0 4.970 2.580
10380 265.0 2.531 2.626
10390 265.0 3.146 2.343
10400 265.0 2.503 2.695
10410 265.0 2.323 2.634
10420 265.0 2.124 2.457
10430 265.0 2.321 2.194
10440 265.0 2.336 2.296
10450 265.0 2.738 0.919
10460 265.0 1.766 2.436
10470 265.0 2.313 1.573
10480 265.0 3.075 1.849
10490 265.0 2.912 1.729
10300 267.0 -2.000 3.250
10310 267.0 -1.080 3.390
10320 267.0 -0.200 3.410
10330 267.0 0.670 3.390
10340 267.0 1.680 3.380
10350 267.0 2.480 3.530
10360 267.0 3.430 3.690
10370 267.0 4.470 3.960
10380 267.0 1.724 3.806
10390 267.0 1.692 3.889
10400 267.0 1.286 3.609
10410 267.0 1.425 3.865
10420 267.0 2.237 4.310
10430 267.0 1.615 3.422
10440 267.0 1.923 3.706
10450 267.0 0.916 4.168
10460 267.0 1.424 3.991
10470 267.0 2.070 3.526
10480 267.0 2.082 3.348
10490 267.0 2.581 3.512
10300 268.0 -1.380 3.890
10310 268.0 -0.790 4.000
10320 268.0 0.370 4.030
10330 268.0 1.070 4.020
10340 268.0 1.940 3.850
10350 268.0 2.710 4.040
10360 268.0 3.560 4.440
10370 268.0 4.550 4.630
10380 268.0 3.012 3.978
10390 268.0 2.957 4.320
10400 268.0 3.666 3.873
10410 268.0 3.062 4.237
10420 268.0 3.703 3.680
10430 268.0 3.791 4.058
10440 268.0 3.271 4.097
10450 268.0 3.765 4.058
10460 268.0 3.328 4.112
10470 268.0 3.989 3.583
10480 268.0 3.096 4.642
10490 268.0 4.011 4.251
10690 303.0 12.900 6.160
10700 303.0 12.310 6.320
10710 303.0 11.610 6.670
10720 303.0 10.950 7.100
10730 303.0 10.280 7.370
10740 303.0 9.630 7.550
10750 303.0 8.910 7.660
10760 303.0 8.160 7.780
10770 303.0 8.322 8.220
10780 303.0 7.765 8.124
10790 303.0 7.590 8.478
10800 303.0 8.796 8.302
10810 303.0 7.350 8.663
10820 303.0 6.800 9.876
10830 303.0 7.660 9.242
10840 303.0 6.559 9.743
10850 303.0 4.373 10.568
10860 303.0 6.820 9.067
10870 303.0 3.900 11.196
10880 303.0 5.925 9.248
10850 316.0 -1.870 6.400
10860 316.0 -1.330 6.370
10870 316.0 -0.740 6.320
10880 316.0 -0.140 6.180
10890 316.0 0.480 6.050
10900 316.0 1.150 5.980
10910 316.0 1.810 5.910
10920 316.0 2.480 5.940
10930 316.0 1.369 5.371
10940 316.0 2.025 5.033
10950 316.0 1.584 5.188
10960 316.0 1.967 5.035
10970 316.0 2.518 4.708
10980 316.0 2.304 5.175
10990 316.0 2.982 4.763
11000 316.0 3.634 3.799
11010 316.0 3.647 4.289
11020 316.0 2.805 4.150
11030 316.0 3.598 3.763
11040 316.0 4.451 3.761
11210 320.0 12.000 4.350
11220 320.0 11.300 4.090
11230 320.0 10.610 3.980
11240 320.0 10.000 3.720
11250 320.0 9.230 3.660
11260 320.0 8.560 3.470
11270 320.0 7.980 3.270
11280 320.0 7.520 3.120
11290 320.0 8.390 3.615
11300 320.0 8.599 3.702
11310 320.0 8.589 3.342
11320 320.0 8.070 3.582
11330 320.0 6.834 4.506
11340 320.0 6.975 3.440
11350 320.0 6.223 4.281
11360 320.0 6.711 4.714
11370 320.0 7.615 3.782
11380 320.0 6.473 4.245
11390 320.0 5.716 4.648
11400 320.0 6.121 4.515
11280 329.0 -2.760 -0.130
11290 329.0 -2.040 0.530
11300 329.0 -1.180 1.020
11310 329.0 -0.360 1.480
11320 329.0 0.340 1.920
11330 329.0 0.840 2.350
11340 329.0 1.590 2.640
11350 329.0 2.390 2.910
11360 329.0 0.745 2.389
11370 329.0 0.234 2.170
11380 329.0 -0.534 1.988
11390 329.0 -0.246 2.985
11400 329.0 -0.373 3.785
11410 329.0 -0.791 3.706
11420 329.0 0.040 3.974
11430 329.0 0.324 4.634
11440 329.0 0.110 4.359
11450 329.0 -1.079 4.142
11460 329.0 -0.723 3.599
11470 329.0 0.043 3.906
11280 327.0 -2.800 1.840
11290 327.0 -1.780 2.390
11300 327.0 -1.070 2.780
11310 327.0 -0.260 2.950
11320 327.0 0.540 3.130
11330 327.0 1.320 3.320
11340 327.0 2.040 3.540
11350 327.0 2.790 3.760
11360 327.0 0.314 3.037
11370 327.0 -0.103 2.360
11380 327.0 -0.128 2.520
11390 327.0 0.882 1.807
11400 327.0 0.627 1.778
11410 327.0 1.118 2.192
11420 327.0 1.006 1.855
11430 327.0 0.786 1.523
11440 327.0 1.403 1.952
11450 327.0 1.091 2.366
11460 327.0 2.410 2.287
11470 327.0 1.758 2.427
11280 328.0 -3.580 0.190
11290 328.0 -2.850 0.850
11300 328.0 -1.780 1.470
11310 328.0 -0.960 1.920
11320 328.0 -0.300 2.330
11330 328.0 0.250 2.670
11340 328.0 1.010 3.010
11350 328.0 1.810 3.280
11360 328.0 0.300 2.380
11370 328.0 -0.742 1.108
11380 328.0 -0.648 0.794
11390 328.0 -0.231 0.845
11400 328.0 0.594 1.208
11410 328.0 0.090 1.260
11420 328.0 -0.452 1.223
11430 328.0 0.422 1.112
11440 328.0 0.976 1.411
11450 328.0 -0.322 1.099
11460 328.0 1.097 0.875
11470 328.0 0.393 0.437
11310 331.0 -4.430 4.560
11320 331.0 -3.490 4.940
11330 331.0 -2.700 5.350
11340 331.0 -1.670 5.660
11350 331.0 -0.580 5.900
11360 331.0 0.400 6.200
11370 331.0 1.430 6.460
11380 331.0 2.430 6.600
11390 331.0 0.426 5.854
11400 331.0 -0.426 5.721
11410 331.0 -0.721 5.616
11420 331.0 -0.336 4.788
11430 331.0 -0.734 5.061
11440 331.0 -0.545 4.962
11450 331.0 -0.120 4.510
11460 331.0 -0.890 5.306
11470 331.0 0.083 4.898
11480 331.0 0.404 4.498
11490 331.0 -1.279 4.992
11500 331.0 -1.072 5.288
11840 342.0 10.640 4.900
11850 342.0 9.730 4.760
11860 342.0 8.750 4.600
11870 342.0 7.840 4.560
11880 342.0 6.880 4.500
11890 342.0 5.990 4.480
11900 342.0 5.080 4.470
11910 342.0 4.170 4.430
11920 342.0 6.269 4.165
11930 342.0 5.147 5.250
11940 342.0 6.498 3.885
11950 342.0 4.404 4.510
11960 342.0 5.172 4.196
11970 342.0 5.350 4.377
11980 342.0 4.442 4.697
11990 342.0 4.648 4.461
12000 342.0 6.506 3.975
12010 342.0 5.258 5.346
12020 342.0 4.271 4.899
12030 342.0 5.170 4.272
11880 348.0 13.410 5.460
11890 348.0 12.400 5.010
11900 348.0 11.320 4.730
11910 348.0 10.240 4.560
11920 348.0 9.140 4.440
11930 348.0 8.100 4.530
11940 348.0 6.970 4.600
11950 348.0 5.710 4.730
11960 348.0 7.961 5.152
11970 348.0 8.287 5.556
11980 348.0 8.798 4.274
11990 348.0 7.292 4.828
12000 348.0 7.293 5.976
12010 348.0 8.577 5.079
12020 348.0 7.242 5.664
12030 348.0 7.943 4.797
12040 348.0 8.276 5.196
12050 348.0 7.508 5.297
12060 348.0 7.435 5.214
12070 348.0 7.940 5.101
11930 350.0 -4.990 5.190
11940 350.0 -3.910 5.180
11950 350.0 -3.050 5.230
11960 350.0 -2.120 5.270
11970 350.0 -0.940 5.310
11980 350.0 -0.260 5.570
11990 350.0 0.830 5.710
12000 350.0 1.830 5.830
12010 350.0 0.177 4.850
12020 350.0 -0.100 4.566
12030 350.0 0.526 4.933
12040 350.0 0.154 4.763
12050 350.0 -0.233 4.954
12060 350.0 -0.665 5.298
12070 350.0 2.774 3.670
12080 350.0 0.290 6.065
12090 350.0 -0.177 5.169
12100 350.0 -1.082 6.101
12110 350.0 -0.886 5.228
12120 350.0 -0.487 5.562
11940 353.0 -4.790 -0.260
11950 353.0 -4.040 0.440
11960 353.0 -3.120 1.030
11970 353.0 -2.130 1.650
11980 353.0 -1.070 2.050
11990 353.0 -0.100 2.480
12000 353.0 0.910 2.960
12010 353.0 1.950 3.380
12020 353.0 -1.715 2.605
12030 353.0 -2.538 2.665
12040 353.0 -2.016 3.031
12050 353.0 -2.449 3.006
12060 353.0 -2.306 2.286
12070 353.0 -2.182 2.807
12080 353.0 -1.782 1.883
12090 353.0 -1.702 3.115
12100 353.0 -2.206 3.378
12110 353.0 -1.794 4.097
12120 353.0 -1.796 3.842
12130 353.0 -2.563 4.645
11970 355.0 -2.400 10.550
11980 355.0 -1.660 9.900
11990 355.0 -0.840 9.560
12000 355.0 -0.190 8.920
12010 355.0 0.510 8.540
12020 355.0 1.380 8.290
12030 355.0 2.200 8.090
12040 355.0 3.050 7.920
12050 355.0 3.051 7.758
12060 355.0 2.987 7.364
12070 355.0 3.118 6.851
12080 355.0 2.705 7.652
12090 355.0 3.752 7.199
12100 355.0 2.977 7.443
12110 355.0 5.433 6.515
12120 355.0 4.927 6.545
12130 355.0 5.311 6.111
12140 355.0 5.611 6.621
12150 355.0 6.395 5.347
12160 355.0 3.467 7.329
12020 358.0 -6.550 7.200
12030 358.0 -6.050 7.260
12040 358.0 -5.490 7.270
12050 358.0 -4.990 7.410
12060 358.0 -4.500 7.460
12070 358.0 -4.070 7.510
12080 358.0 -3.780 7.530
12090 358.0 -3.230 7.550
12100 358.0 -4.020 7.513
12110 358.0 -3.597 7.120
12120 358.0 -3.343 7.563
12130 358.0 -4.417 7.466
12140 358.0 -3.709 7.633
12150 358.0 -3.613 7.390
12160 358.0 -3.103 7.460
12170 358.0 -2.972 7.593
12180 358.0 -3.049 7.578
12190 358.0 -2.566 7.261
12200 358.0 -2.884 7.552
12210 358.0 -3.792 7.745
12020 357.0 -6.400 6.260
12030 357.0 -5.940 6.350
12040 357.0 -5.340 6.430
12050 357.0 -4.840 6.530
12060 357.0 -4.350 6.610
12070 357.0 -3.810 6.690
12080 357.0 -3.370 6.740
12090 357.0 -3.060 6.740
12100 357.0 -3.858 6.561
12110 357.0 -3.262 6.776
12120 357.0 -3.262 6.464
12130 357.0 -3.215 6.780
12140 357.0 -2.598 5.903
12150 357.0 -2.108 6.113
12160 357.0 -2.248 5.882
12170 357.0 -2.475 5.902
12180 357.0 -2.232 6.323
12190 357.0 -1.400 6.259
12200 357.0 -1.663 6.817
12210 357.0 -1.748 7.006
12020 359.0 -4.900 12.670
12030 359.0 -4.120 12.140
12040 359.0 -3.370 11.660
12050 359.0 -2.770 11.060
12060 359.0 -1.920 10.430
12070 359.0 -0.950 9.910
12080 359.0 -0.160 9.390
12090 359.0 0.740 8.910
12100 359.0 -0.744 10.133
12110 359.0 0.161 9.076
12120 359.0 -0.296 9.991
12130 359.0 0.089 9.097
12140 359.0 -0.308 10.153
12150 359.0 0.602 9.653
12160 359.0 0.384 9.355
12170 359.0 -0.035 10.040
12180 359.0 1.770 8.630
12190 359.0 1.453 8.201
12200 359.0 0.202 9.578
12210 359.0 1.102 8.981
