0 1.0 13.449 3.938
10 1.0 12.935 3.938
20 1.0 12.422 3.938
30 1.0 11.919 3.958
40 1.0 11.428 3.998
50 1.0 10.937 4.037
60 1.0 10.467 3.992
70 1.0 10.019 3.861
80 1.0 10.175 3.649
90 1.0 9.937 4.459
100 1.0 10.089 4.465
110 1.0 9.613 4.190
120 1.0 9.444 3.930
130 1.0 8.881 4.969
140 1.0 8.298 4.791
150 1.0 9.524 4.311
160 1.0 7.948 5.159
170 1.0 8.400 4.872
180 1.0 8.058 6.151
190 1.0 7.607 5.765
0 2.0 13.343 4.439
10 2.0 12.825 4.430
20 2.0 12.307 4.421
30 2.0 11.814 4.434
40 2.0 11.360 4.480
50 2.0 10.905 4.526
60 2.0 10.438 4.526
70 2.0 9.945 4.419
80 2.0 9.651 4.940
90 2.0 9.899 5.319
100 2.0 9.603 4.694
110 2.0 9.647 4.465
120 2.0 8.780 5.647
130 2.0 7.815 4.505
140 2.0 8.326 5.493
150 2.0 6.939 5.952
160 2.0 7.321 5.367
170 2.0 6.452 6.161
180 2.0 5.988 5.831
190 2.0 6.916 6.508
0 3.0 11.912 4.439
10 3.0 11.505 4.514
20 3.0 11.097 4.588
30 3.0 10.689 4.663
40 3.0 10.280 4.709
50 3.0 9.871 4.749
60 3.0 9.462 4.789
70 3.0 9.051 4.830
80 3.0 9.161 4.712
90 3.0 9.148 4.523
100 3.0 9.002 4.857
110 3.0 8.650 4.193
120 3.0 7.508 4.516
130 3.0 5.920 4.799
140 3.0 7.424 4.715
150 3.0 7.052 5.243
160 3.0 6.343 5.270
170 3.0 7.094 5.100
180 3.0 5.608 5.936
190 3.0 6.688 5.130
0 4.0 11.828 5.155
10 4.0 11.382 5.211
20 4.0 10.937 5.267
30 4.0 10.491 5.324
40 4.0 10.071 5.346
50 4.0 9.668 5.346
60 4.0 9.265 5.346
70 4.0 8.862 5.346
80 4.0 9.482 6.125
90 4.0 9.212 5.902
100 4.0 9.511 5.973
110 4.0 8.371 5.893
120 4.0 8.379 5.733
130 4.0 9.261 5.434
140 4.0 8.760 5.342
150 4.0 7.646 6.116
160 4.0 7.633 5.402
170 4.0 7.672 6.055
180 4.0 5.757 6.825
190 4.0 6.638 6.121
0 5.0 8.713 4.415
10 5.0 8.361 4.364
20 5.0 8.008 4.312
30 5.0 7.655 4.260
40 5.0 7.301 4.186
50 5.0 6.942 4.060
60 5.0 6.583 3.934
70 5.0 6.224 3.807
80 5.0 6.420 4.650
90 5.0 6.374 4.792
100 5.0 6.055 4.145
110 5.0 5.351 4.034
120 5.0 5.731 4.636
130 5.0 5.607 4.578
140 5.0 5.421 4.459
150 5.0 4.585 4.525
160 5.0 4.937 4.092
170 5.0 5.688 3.828
180 5.0 4.149 4.164
190 5.0 4.121 4.560
0 6.0 8.124 3.461
10 6.0 8.611 3.416
20 6.0 9.097 3.371
30 6.0 9.584 3.326
40 6.0 9.990 3.325
50 6.0 10.376 3.335
60 6.0 10.729 3.399
70 6.0 11.033 3.546
80 6.0 10.576 3.068
90 6.0 10.710 3.099
100 6.0 11.393 3.563
110 6.0 10.530 4.211
120 6.0 11.205 3.483
130 6.0 11.267 3.407
140 6.0 11.615 3.892
150 6.0 11.552 4.211
160 6.0 11.840 3.665
170 6.0 12.072 3.368
180 6.0 11.905 4.186
190 6.0 12.954 3.542
0 8.0 4.336 7.351
10 8.0 4.554 7.274
20 8.0 4.773 7.198
30 8.0 4.955 7.171
40 8.0 5.101 7.194
50 8.0 5.246 7.217
60 8.0 5.391 7.239
70 8.0 5.542 7.259
80 8.0 5.662 7.109
90 8.0 5.345 6.958
100 8.0 5.701 6.862
110 8.0 6.413 6.689
120 8.0 5.922 6.943
130 8.0 6.365 6.414
140 8.0 7.333 6.439
150 8.0 7.949 5.833
160 8.0 7.663 6.047
170 8.0 8.192 5.515
180 8.0 9.249 5.192
190 8.0 9.153 5.287
20 17.0 15.242 3.668
30 17.0 14.666 3.533
40 17.0 14.089 3.398
50 17.0 13.545 3.310
60 17.0 13.048 3.291
70 17.0 12.551 3.272
80 17.0 12.099 3.314
90 17.0 11.652 3.364
100 17.0 12.175 3.661
110 17.0 11.550 4.444
120 17.0 12.182 4.182
130 17.0 12.013 3.920
140 17.0 11.682 3.626
150 17.0 11.454 3.918
160 17.0 11.048 3.562
170 17.0 11.116 3.638
180 17.0 11.083 3.934
190 17.0 9.807 3.972
200 17.0 9.529 4.203
210 17.0 9.281 4.209
120 20.0 0.345 6.983
130 20.0 0.635 6.884
140 20.0 0.925 6.785
150 20.0 1.255 6.689
160 20.0 1.744 6.605
170 20.0 2.233 6.521
180 20.0 2.722 6.437
190 20.0 3.207 6.373
200 20.0 2.711 6.633
210 20.0 2.678 6.450
220 20.0 3.273 6.469
230 20.0 3.008 6.653
240 20.0 3.014 6.514
250 20.0 3.490 6.605
260 20.0 3.311 6.756
270 20.0 3.971 6.918
280 20.0 4.243 6.618
290 20.0 3.640 7.499
300 20.0 4.430 7.103
310 20.0 4.742 7.254
200 9.0 5.286 7.501
210 9.0 5.093 7.534
220 9.0 4.900 7.567
230 9.0 4.707 7.600
240 9.0 4.509 7.598
250 9.0 4.308 7.572
260 9.0 4.107 7.546
270 9.0 3.906 7.520
280 9.0 3.503 7.571
290 9.0 3.454 7.568
300 9.0 2.917 7.634
310 9.0 3.107 8.535
320 9.0 2.363 8.536
330 9.0 2.194 8.717
340 9.0 1.158 9.218
350 9.0 0.769 9.245
360 9.0 1.919 9.312
370 9.0 1.272 9.343
380 9.0 -0.006 9.921
390 9.0 -0.390 10.128
200 21.0 0.474 7.303
210 21.0 1.000 7.064
220 21.0 1.562 6.883
230 21.0 2.211 6.835
240 21.0 2.859 6.787
250 21.0 3.539 6.631
260 21.0 4.227 6.447
270 21.0 4.915 6.255
280 21.0 4.616 5.903
290 21.0 3.519 5.781
300 21.0 3.735 6.073
310 21.0 5.204 5.680
320 21.0 4.980 5.666
330 21.0 4.888 5.965
340 21.0 5.526 6.123
350 21.0 6.324 5.407
360 21.0 6.562 4.770
370 21.0 5.716 6.163
380 21.0 6.382 5.109
390 21.0 8.866 4.129
220 18.0 5.571 2.959
230 18.0 5.105 2.997
240 18.0 4.638 3.036
250 18.0 4.172 3.075
260 18.0 3.720 3.099
270 18.0 3.270 3.121
280 18.0 2.819 3.143
290 18.0 2.369 3.165
300 18.0 2.792 3.718
310 18.0 2.339 3.610
320 18.0 1.787 3.868
330 18.0 1.502 3.959
340 18.0 1.086 3.736
350 18.0 -0.799 5.199
360 18.0 0.004 4.257
370 18.0 -0.718 3.978
380 18.0 -1.100 4.971
390 18.0 -0.270 4.002
400 18.0 -1.361 5.682
410 18.0 -0.908 4.901
330 22.0 15.037 3.799
340 22.0 14.501 3.842
350 22.0 13.965 3.886
360 22.0 13.430 3.929
370 22.0 12.870 3.971
380 22.0 12.304 4.012
390 22.0 11.737 4.053
400 22.0 11.207 4.157
410 22.0 11.424 4.633
420 22.0 12.209 4.527
430 22.0 11.366 5.221
440 22.0 11.376 4.867
450 22.0 10.382 5.677
460 22.0 10.447 5.458
470 22.0 9.757 5.912
480 22.0 9.912 6.064
490 22.0 9.473 6.304
500 22.0 8.646 6.566
510 22.0 9.100 7.104
520 22.0 8.951 6.707
330 23.0 14.895 3.245
340 23.0 14.324 3.253
350 23.0 13.752 3.262
360 23.0 13.183 3.271
370 23.0 12.635 3.288
380 23.0 12.086 3.305
390 23.0 11.540 3.360
400 23.0 11.000 3.504
410 23.0 11.218 3.789
420 23.0 11.344 4.434
430 23.0 10.317 3.933
440 23.0 9.923 3.846
450 23.0 10.084 4.496
460 23.0 8.469 4.450
470 23.0 9.494 4.812
480 23.0 8.833 5.218
490 23.0 7.751 5.680
500 23.0 9.027 5.472
510 23.0 8.733 5.630
520 23.0 8.295 6.114
400 10.0 2.523 7.186
410 10.0 2.406 7.138
420 10.0 2.282 7.080
430 10.0 2.159 7.022
440 10.0 2.084 7.023
450 10.0 2.014 7.030
460 10.0 1.943 7.038
470 10.0 1.850 7.026
480 10.0 1.706 7.009
490 10.0 1.478 7.039
500 10.0 1.432 7.103
510 10.0 1.220 7.197
520 10.0 1.119 7.429
530 10.0 0.885 6.953
540 10.0 0.807 7.215
550 10.0 1.496 7.525
560 10.0 0.908 7.557
570 10.0 0.764 7.682
580 10.0 0.592 8.058
590 10.0 -0.026 8.288
420 19.0 1.204 3.306
430 19.0 1.189 3.313
440 19.0 1.174 3.319
450 19.0 1.159 3.326
460 19.0 1.144 3.332
470 19.0 1.129 3.339
480 19.0 1.113 3.345
490 19.0 1.098 3.351
500 19.0 1.096 3.367
510 19.0 1.065 3.399
520 19.0 1.129 3.415
530 19.0 1.210 3.453
540 19.0 1.174 3.459
550 19.0 1.183 3.448
560 19.0 1.255 3.487
570 19.0 1.208 3.459
580 19.0 1.282 3.450
590 19.0 1.350 3.546
600 19.0 1.339 3.480
610 19.0 1.374 3.535
460 24.0 14.690 3.248
470 24.0 14.059 3.313
480 24.0 13.428 3.378
490 24.0 12.799 3.445
500 24.0 12.192 3.529
510 24.0 11.585 3.614
520 24.0 10.979 3.698
530 24.0 10.388 3.844
540 24.0 11.421 3.624
550 24.0 10.423 3.921
560 24.0 10.122 4.283
570 24.0 11.122 4.282
580 24.0 9.340 4.624
590 24.0 8.963 4.677
600 24.0 9.702 4.575
610 24.0 8.556 5.344
620 24.0 6.674 5.561
630 24.0 7.536 5.234
640 24.0 8.604 5.320
650 24.0 9.019 5.637
460 25.0 15.069 4.009
470 25.0 14.455 4.048
480 25.0 13.840 4.086
490 25.0 13.217 4.163
500 25.0 12.586 4.278
510 25.0 11.954 4.394
520 25.0 11.356 4.501
530 25.0 10.808 4.595
540 25.0 11.004 4.539
550 25.0 11.215 5.224
560 25.0 10.480 5.660
570 25.0 10.341 5.194
580 25.0 8.996 5.855
590 25.0 9.986 5.176
600 25.0 8.631 6.157
610 25.0 9.719 4.892
620 25.0 7.349 6.333
630 25.0 8.482 6.142
640 25.0 8.237 5.984
650 25.0 9.420 5.730
490 26.0 0.261 7.244
500 26.0 0.350 7.131
510 26.0 0.439 7.018
520 26.0 0.527 6.905
530 26.0 0.612 6.826
540 26.0 0.687 6.826
550 26.0 0.762 6.826
560 26.0 0.849 6.814
570 26.0 1.016 6.673
580 26.0 1.047 6.777
590 26.0 1.064 6.617
600 26.0 1.137 6.542
610 26.0 1.353 6.468
620 26.0 1.286 5.997
630 26.0 1.768 6.074
640 26.0 2.096 5.886
650 26.0 2.530 5.958
660 26.0 3.395 5.587
670 26.0 3.505 5.847
680 26.0 2.755 5.703
520 28.0 0.218 6.456
530 28.0 0.504 6.342
540 28.0 0.791 6.227
550 28.0 1.022 6.224
560 28.0 1.217 6.294
570 28.0 1.412 6.365
580 28.0 1.560 6.448
590 28.0 1.702 6.533
600 28.0 1.718 6.388
610 28.0 1.782 6.213
620 28.0 2.402 5.945
630 28.0 2.131 6.126
640 28.0 3.141 6.379
650 28.0 2.983 6.020
660 28.0 3.344 5.900
670 28.0 3.209 6.200
680 28.0 3.344 6.104
690 28.0 3.516 5.873
700 28.0 4.168 5.735
710 28.0 4.156 6.128
580 30.0 0.352 6.937
590 30.0 0.409 6.775
600 30.0 0.467 6.612
610 30.0 0.661 6.418
620 30.0 0.942 6.229
630 30.0 1.336 6.110
640 30.0 1.659 6.037
650 30.0 1.934 5.996
660 30.0 2.122 6.237
670 30.0 2.679 5.865
680 30.0 2.901 5.473
690 30.0 3.092 5.583
700 30.0 3.582 5.080
710 30.0 4.039 4.860
720 30.0 4.242 4.957
730 30.0 4.172 4.429
740 30.0 5.138 3.931
750 30.0 5.793 3.974
760 30.0 5.505 3.926
770 30.0 6.205 3.560
600 11.0 1.456 7.383
610 11.0 1.456 7.392
620 11.0 1.457 7.400
630 11.0 1.457 7.408
640 11.0 1.458 7.416
650 11.0 1.458 7.425
660 11.0 1.459 7.433
670 11.0 1.459 7.441
680 11.0 1.502 7.444
690 11.0 1.484 7.495
700 11.0 1.473 7.408
710 11.0 1.513 7.465
720 11.0 1.525 7.390
730 11.0 1.539 7.409
740 11.0 1.579 7.405
750 11.0 1.546 7.456
760 11.0 1.577 7.530
770 11.0 1.760 7.603
780 11.0 1.804 7.555
790 11.0 1.918 7.573
610 31.0 0.271 8.299
620 31.0 0.350 8.097
630 31.0 0.429 7.894
640 31.0 0.508 7.691
650 31.0 0.681 7.488
660 31.0 0.949 7.286
670 31.0 1.217 7.083
680 31.0 1.513 6.909
690 31.0 1.171 6.769
700 31.0 1.729 6.173
710 31.0 1.883 6.463
720 31.0 2.278 5.764
730 31.0 3.198 5.654
740 31.0 3.472 5.411
750 31.0 3.816 5.059
760 31.0 4.020 4.496
770 31.0 4.527 4.622
780 31.0 5.060 3.711
790 31.0 5.984 3.192
800 31.0 5.476 3.726
630 33.0 0.164 6.414
640 33.0 0.439 6.249
650 33.0 0.714 6.084
660 33.0 0.989 5.919
670 33.0 1.115 5.644
680 33.0 1.242 5.370
690 33.0 1.283 5.389
700 33.0 1.324 5.409
710 33.0 1.809 5.436
720 33.0 2.071 5.729
730 33.0 2.422 5.751
740 33.0 2.823 5.356
750 33.0 2.993 5.075
760 33.0 3.140 4.858
770 33.0 2.993 5.157
780 33.0 3.819 4.741
790 33.0 4.449 3.985
800 33.0 4.724 4.684
810 33.0 6.038 3.774
820 33.0 5.917 3.922
690 27.0 3.218 7.225
700 27.0 3.512 7.268
710 27.0 3.805 7.302
720 27.0 4.097 7.294
730 27.0 4.389 7.286
740 27.0 4.683 7.276
750 27.0 5.005 7.243
760 27.0 5.326 7.209
770 27.0 4.821 7.597
780 27.0 4.999 7.602
790 27.0 5.375 7.452
800 27.0 5.424 7.363
810 27.0 5.585 7.928
820 27.0 5.629 7.622
830 27.0 5.946 7.977
840 27.0 6.184 7.651
850 27.0 6.424 7.448
860 27.0 6.411 7.241
870 27.0 6.412 7.375
880 27.0 7.029 8.140
720 29.0 3.996 6.806
730 29.0 4.308 6.721
740 29.0 4.621 6.636
750 29.0 4.927 6.616
760 29.0 5.230 6.623
770 29.0 5.533 6.630
780 29.0 5.839 6.626
790 29.0 6.147 6.596
800 29.0 6.037 6.277
810 29.0 6.260 5.904
820 29.0 6.227 5.750
830 29.0 6.855 5.809
840 29.0 7.136 5.278
850 29.0 6.738 5.235
860 29.0 7.356 5.326
870 29.0 7.738 5.290
880 29.0 7.104 5.273
890 29.0 9.066 4.401
900 29.0 8.890 4.294
910 29.0 8.475 4.961
800 12.0 1.466 7.549
810 12.0 1.467 7.557
820 12.0 1.467 7.566
830 12.0 1.468 7.574
840 12.0 1.468 7.582
850 12.0 1.469 7.591
860 12.0 1.469 7.599
870 12.0 1.470 7.607
880 12.0 1.436 7.560
890 12.0 1.537 7.620
900 12.0 1.518 7.533
910 12.0 1.526 7.549
920 12.0 1.551 7.638
930 12.0 1.575 7.598
940 12.0 1.572 7.620
950 12.0 1.572 7.654
960 12.0 1.600 7.623
970 12.0 1.588 7.649
980 12.0 1.536 7.673
990 12.0 1.524 7.664
810 32.0 5.731 6.722
820 32.0 6.000 6.755
830 32.0 6.260 6.765
840 32.0 6.502 6.720
850 32.0 6.744 6.676
860 32.0 7.012 6.619
870 32.0 7.299 6.553
880 32.0 7.585 6.486
890 32.0 7.252 6.635
900 32.0 7.446 6.364
910 32.0 8.167 6.475
920 32.0 8.150 6.259
930 32.0 7.773 6.433
940 32.0 8.799 6.782
950 32.0 8.678 6.845
960 32.0 8.173 6.402
970 32.0 8.207 6.311
980 32.0 8.315 6.364
990 32.0 8.927 6.158
1000 32.0 9.406 5.897
850 35.0 0.359 8.737
860 35.0 0.468 8.509
870 35.0 0.578 8.281
880 35.0 0.688 8.052
890 35.0 0.798 7.824
900 35.0 1.001 7.531
910 35.0 1.266 7.195
920 35.0 1.531 6.859
930 35.0 1.227 7.010
940 35.0 0.871 6.905
950 35.0 1.418 6.131
960 35.0 0.981 5.894
970 35.0 1.300 5.763
980 35.0 0.966 5.368
990 35.0 1.264 4.531
1000 35.0 0.734 4.407
1010 35.0 1.026 3.790
1020 35.0 0.815 2.510
1030 35.0 0.732 2.310
1040 35.0 0.356 2.503
860 34.0 13.997 10.937
870 34.0 13.946 10.476
880 34.0 13.895 10.016
890 34.0 13.795 9.600
900 34.0 13.646 9.231
910 34.0 13.496 8.861
920 34.0 13.322 8.507
930 34.0 13.112 8.174
940 34.0 13.427 7.101
950 34.0 13.416 6.784
960 34.0 13.333 5.708
970 34.0 13.260 4.859
980 34.0 13.436 4.575
990 34.0 13.272 4.491
1000 34.0 13.466 3.576
1010 34.0 13.609 4.288
1020 34.0 13.831 4.059
1030 34.0 14.230 2.788
1040 34.0 14.267 3.416
1050 34.0 13.742 2.899
1000 13.0 1.251 7.308
1010 13.0 1.212 7.245
1020 13.0 1.174 7.182
1030 13.0 1.135 7.120
1040 13.0 1.126 7.080
1050 13.0 1.147 7.063
1060 13.0 1.168 7.046
1070 13.0 1.190 7.029
1080 13.0 1.154 6.958
1090 13.0 0.896 7.143
1100 13.0 1.091 7.023
1110 13.0 1.106 7.003
1120 13.0 1.160 7.024
1130 13.0 1.173 6.946
1140 13.0 1.181 7.137
1150 13.0 1.160 7.134
1160 13.0 1.123 7.053
1170 13.0 1.174 7.152
1180 13.0 1.230 6.977
1190 13.0 1.254 6.967
1080 36.0 14.863 6.605
1090 36.0 14.400 6.471
1100 36.0 13.937 6.338
1110 36.0 13.410 6.309
1120 36.0 12.877 6.292
1130 36.0 12.352 6.263
1140 36.0 11.905 6.129
1150 36.0 11.457 5.995
1160 36.0 11.650 6.350
1170 36.0 10.559 6.854
1180 36.0 11.164 6.141
1190 36.0 10.538 6.080
1200 36.0 9.977 6.323
1210 36.0 9.612 6.825
1220 36.0 9.132 6.192
1230 36.0 8.878 6.098
1240 36.0 8.840 6.297
1250 36.0 10.113 7.176
1260 36.0 10.352 6.875
1270 36.0 8.938 7.477
1090 37.0 15.313 2.909
1100 37.0 14.756 2.916
1110 37.0 14.200 2.924
1120 37.0 13.643 2.932
1130 37.0 13.099 2.898
1140 37.0 12.567 2.822
1150 37.0 12.035 2.747
1160 37.0 11.504 2.672
1170 37.0 11.391 2.606
1180 37.0 10.573 3.183
1190 37.0 11.170 3.113
1200 37.0 10.125 2.985
1210 37.0 10.759 2.319
1220 37.0 10.990 3.088
1230 37.0 10.391 3.315
1240 37.0 8.235 3.735
1250 37.0 8.322 3.011
1260 37.0 7.911 3.149
1270 37.0 9.217 2.915
1280 37.0 8.553 3.419
1100 38.0 15.048 3.437
1110 38.0 14.438 3.461
1120 38.0 13.828 3.484
1130 38.0 13.217 3.508
1140 38.0 12.654 3.560
1150 38.0 12.091 3.611
1160 38.0 11.528 3.663
1170 38.0 10.980 3.709
1180 38.0 11.409 4.092
1190 38.0 11.155 4.202
1200 38.0 10.009 4.472
1210 38.0 10.566 3.797
1220 38.0 9.114 4.844
1230 38.0 9.887 3.885
1240 38.0 10.980 2.364
1250 38.0 9.218 3.240
1260 38.0 8.205 3.682
1270 38.0 9.403 2.641
1280 38.0 9.496 3.710
1290 38.0 8.373 3.416
1160 39.0 0.411 3.290
1170 39.0 1.010 3.437
1180 39.0 1.609 3.583
1190 39.0 2.171 3.787
1200 39.0 2.716 4.015
1210 39.0 3.294 4.206
1220 39.0 3.904 4.362
1230 39.0 4.480 4.540
1240 39.0 3.079 4.498
1250 39.0 3.308 3.807
1260 39.0 4.073 3.649
1270 39.0 3.798 4.422
1280 39.0 4.365 4.153
1290 39.0 4.499 3.834
1300 39.0 3.988 4.157
1310 39.0 4.249 3.725
1320 39.0 5.829 3.640
1330 39.0 5.322 4.217
1340 39.0 4.404 4.124
1350 39.0 4.649 3.940
1200 14.0 1.465 6.808
1210 14.0 1.600 6.839
1220 14.0 1.810 6.901
1230 14.0 2.020 6.963
1240 14.0 2.269 6.981
1250 14.0 2.521 6.995
1260 14.0 2.774 7.008
1270 14.0 3.019 7.028
1280 14.0 3.012 7.045
1290 14.0 3.440 7.262
1300 14.0 3.452 7.128
1310 14.0 3.641 7.095
1320 14.0 3.525 6.937
1330 14.0 3.998 7.041
1340 14.0 4.174 6.701
1350 14.0 4.003 6.794
1360 14.0 3.990 6.664
1370 14.0 4.557 6.628
1380 14.0 4.543 6.546
1390 14.0 4.864 6.401
1300 40.0 15.227 6.947
1310 40.0 14.676 6.822
1320 40.0 14.124 6.697
1330 40.0 13.560 6.562
1340 40.0 12.984 6.417
1350 40.0 12.392 6.273
1360 40.0 11.738 6.135
1370 40.0 11.092 6.022
1380 40.0 12.123 6.625
1390 40.0 12.039 6.854
1400 40.0 11.567 6.439
1410 40.0 11.482 6.441
1420 40.0 10.710 7.541
1430 40.0 11.576 6.717
1440 40.0 10.484 6.715
1450 40.0 10.475 6.160
1460 40.0 10.046 6.611
1470 40.0 9.338 6.849
1480 40.0 10.003 7.165
1490 40.0 8.602 7.205
1400 15.0 4.860 7.342
1410 15.0 4.805 7.321
1420 15.0 4.749 7.300
1430 15.0 4.693 7.279
1440 15.0 4.536 7.247
1450 15.0 4.378 7.214
1460 15.0 4.220 7.182
1470 15.0 4.062 7.149
1480 15.0 4.247 7.224
1490 15.0 4.445 7.252
1500 15.0 4.303 7.296
1510 15.0 4.220 7.179
1520 15.0 4.437 7.131
1530 15.0 4.211 7.114
1540 15.0 4.007 7.066
1550 15.0 3.978 6.973
1560 15.0 3.935 7.225
1570 15.0 3.467 7.079
1580 15.0 3.318 7.317
1590 15.0 3.207 7.354
1550 41.0 0.117 4.893
1560 41.0 0.631 4.884
1570 41.0 1.144 4.874
1580 41.0 1.650 4.856
1590 41.0 2.146 4.825
1600 41.0 2.642 4.795
1610 41.0 3.145 4.777
1620 41.0 3.665 4.790
1630 41.0 2.898 4.994
1640 41.0 2.547 4.770
1650 41.0 2.915 5.268
1660 41.0 2.898 4.776
1670 41.0 3.254 5.216
1680 41.0 3.412 4.825
1690 41.0 3.234 4.656
1700 41.0 3.734 4.801
1710 41.0 3.854 4.789
1720 41.0 3.483 3.902
1730 41.0 3.729 4.026
1740 41.0 4.027 4.350
1550 42.0 0.119 5.756
1560 42.0 0.612 5.715
1570 42.0 1.105 5.674
1580 42.0 1.598 5.633
1590 42.0 2.097 5.606
1600 42.0 2.606 5.600
1610 42.0 3.114 5.594
1620 42.0 3.622 5.589
1630 42.0 3.325 5.736
1640 42.0 3.323 5.807
1650 42.0 3.155 6.451
1660 42.0 3.384 5.512
1670 42.0 3.573 6.010
1680 42.0 4.899 5.880
1690 42.0 5.204 6.006
1700 42.0 6.124 5.483
1710 42.0 5.409 5.717
1720 42.0 4.939 6.244
1730 42.0 4.260 6.455
1740 42.0 4.728 6.362
1560 43.0 15.010 4.559
1570 43.0 14.343 4.549
1580 43.0 13.677 4.540
1590 43.0 13.036 4.568
1600 43.0 12.422 4.635
1610 43.0 11.807 4.702
1620 43.0 11.193 4.712
1630 43.0 10.579 4.721
1640 43.0 10.302 5.458
1650 43.0 10.953 6.138
1660 43.0 10.374 4.479
1670 43.0 9.601 4.942
1680 43.0 10.041 4.738
1690 43.0 9.230 6.227
1700 43.0 7.688 6.508
1710 43.0 7.613 6.188
1720 43.0 9.233 5.787
1730 43.0 8.071 5.524
1740 43.0 8.643 5.263
1750 43.0 8.296 5.383
1570 44.0 14.612 3.778
1580 44.0 13.943 3.854
1590 44.0 13.274 3.931
1600 44.0 12.623 3.962
1610 44.0 11.984 3.962
1620 44.0 11.345 3.962
1630 44.0 10.720 3.938
1640 44.0 10.096 3.911
1650 44.0 10.619 4.253
1660 44.0 10.706 4.472
1670 44.0 9.397 4.318
1680 44.0 9.150 4.303
1690 44.0 10.187 3.299
1700 44.0 9.215 4.760
1710 44.0 8.470 4.469
1720 44.0 8.752 4.967
1730 44.0 9.889 3.529
1740 44.0 8.577 4.707
1750 44.0 8.484 4.820
1760 44.0 8.488 4.380
1600 16.0 2.254 7.112
1610 16.0 2.162 7.112
1620 16.0 2.069 7.112
1630 16.0 1.976 7.082
1640 16.0 1.882 7.040
1650 16.0 1.789 6.998
1660 16.0 1.696 6.955
1670 16.0 1.625 6.920
1680 16.0 1.578 7.158
1690 16.0 1.485 7.222
1700 16.0 1.297 7.279
1710 16.0 1.050 7.298
1720 16.0 0.894 7.493
1730 16.0 0.681 7.708
1740 16.0 0.329 7.604
1750 16.0 0.296 7.968
1760 16.0 0.077 7.893
1770 16.0 -0.049 8.208
1780 16.0 -0.710 8.285
1790 16.0 0.004 8.575
1660 45.0 0.039 4.026
1670 45.0 0.540 4.051
1680 45.0 1.041 4.075
1690 45.0 1.541 4.100
1700 45.0 2.029 4.130
1710 45.0 2.513 4.162
1720 45.0 2.997 4.194
1730 45.0 3.374 4.373
1740 45.0 2.651 3.580
1750 45.0 2.842 3.172
1760 45.0 2.998 3.509
1770 45.0 3.698 3.425
1780 45.0 4.134 3.591
1790 45.0 3.735 3.653
1800 45.0 4.725 4.554
1810 45.0 4.990 3.590
1820 45.0 5.641 3.380
1830 45.0 5.472 3.075
1840 45.0 5.909 3.010
1850 45.0 5.489 3.191
1660 47.0 -0.016 4.842
1670 47.0 0.459 4.851
1680 47.0 0.935 4.860
1690 47.0 1.410 4.869
1700 47.0 1.899 4.903
1710 47.0 2.387 4.937
1720 47.0 2.866 4.997
1730 47.0 3.305 5.163
1740 47.0 3.175 4.890
1750 47.0 3.244 4.523
1760 47.0 3.540 3.979
1770 47.0 3.624 4.131
1780 47.0 3.588 4.489
1790 47.0 4.075 3.833
1800 47.0 4.594 3.852
1810 47.0 4.665 4.108
1820 47.0 4.559 4.104
1830 47.0 4.205 4.378
1840 47.0 5.174 4.340
1850 47.0 5.218 4.169
1820 49.0 0.208 7.031
1830 49.0 0.395 6.934
1840 49.0 0.582 6.836
1850 49.0 0.774 6.714
1860 49.0 0.973 6.555
1870 49.0 1.172 6.396
1880 49.0 1.370 6.237
1890 49.0 1.535 6.166
1900 49.0 2.258 6.007
1910 49.0 2.490 6.010
1920 49.0 3.063 5.983
1930 49.0 3.103 5.680
1940 49.0 3.446 5.503
1950 49.0 3.637 5.121
1960 49.0 3.359 5.388
1970 49.0 3.263 5.719
1980 49.0 4.544 5.089
1990 49.0 5.321 4.189
2000 49.0 5.626 4.513
2010 49.0 5.574 3.852
1850 52.0 0.168 5.767
1860 52.0 0.379 5.668
1870 52.0 0.589 5.570
1880 52.0 0.800 5.471
1890 52.0 1.010 5.372
1900 52.0 1.231 5.326
1910 52.0 1.463 5.334
1920 52.0 1.694 5.342
1930 52.0 1.863 5.257
1940 52.0 2.222 4.863
1950 52.0 2.536 5.423
1960 52.0 2.847 4.984
1970 52.0 3.251 4.419
1980 52.0 3.571 4.686
1990 52.0 3.897 4.821
2000 52.0 3.800 4.115
2010 52.0 3.536 3.976
2020 52.0 5.092 3.266
2030 52.0 5.665 3.239
2040 52.0 6.550 2.647
1860 46.0 5.609 4.996
1870 46.0 5.643 5.010
1880 46.0 5.677 5.024
1890 46.0 5.732 5.044
1900 46.0 5.872 5.083
1910 46.0 6.012 5.123
1920 46.0 6.079 5.144
1930 46.0 6.127 5.159
1940 46.0 6.149 5.068
1950 46.0 6.029 5.060
1960 46.0 6.029 4.914
1970 46.0 5.905 5.083
1980 46.0 5.865 4.970
1990 46.0 6.035 4.999
2000 46.0 5.935 4.991
2010 46.0 5.962 5.111
2020 46.0 6.009 5.192
2030 46.0 6.117 5.048
2040 46.0 5.923 5.110
2050 46.0 6.023 5.118
1860 48.0 5.382 5.743
1870 48.0 5.393 5.749
1880 48.0 5.404 5.755
1890 48.0 5.415 5.760
1900 48.0 5.426 5.766
1910 48.0 5.437 5.771
1920 48.0 5.448 5.777
1930 48.0 5.459 5.782
1940 48.0 5.437 5.729
1950 48.0 5.482 5.690
1960 48.0 5.607 5.771
1970 48.0 5.564 5.773
1980 48.0 5.530 5.759
1990 48.0 5.464 5.777
2000 48.0 5.548 5.759
2010 48.0 5.590 5.846
2020 48.0 5.627 5.815
2030 48.0 5.708 5.802
2040 48.0 5.829 5.799
2050 48.0 5.724 5.672
2020 50.0 3.670 6.303
2030 50.0 3.709 6.344
2040 50.0 3.749 6.385
2050 50.0 3.788 6.426
2060 50.0 3.828 6.467
2070 50.0 3.977 6.494
2080 50.0 4.289 6.501
2090 50.0 4.602 6.508
2100 50.0 4.527 6.290
2110 50.0 4.440 6.324
2120 50.0 4.505 6.099
2130 50.0 4.460 6.090
2140 50.0 4.420 6.312
2150 50.0 4.478 6.062
2160 50.0 4.954 5.949
2170 50.0 5.064 5.955
2180 50.0 4.993 5.728
2190 50.0 5.248 5.986
2200 50.0 5.092 6.199
2210 50.0 5.125 5.651
2030 54.0 0.410 5.267
2040 54.0 1.147 5.061
2050 54.0 1.865 4.881
2060 54.0 2.538 4.761
2070 54.0 3.213 4.651
2080 54.0 3.891 4.563
2090 54.0 4.569 4.474
2100 54.0 5.275 4.393
2110 54.0 5.068 4.844
2120 54.0 4.389 5.313
2130 54.0 4.496 4.319
2140 54.0 5.521 4.727
2150 54.0 4.425 5.239
2160 54.0 5.677 5.569
2170 54.0 5.687 5.018
2180 54.0 5.316 5.392
2190 54.0 4.364 6.218
2200 54.0 4.787 5.210
2210 54.0 5.229 5.578
2220 54.0 4.795 4.929
2050 53.0 3.884 5.754
2060 53.0 3.995 5.768
2070 53.0 4.185 5.760
2080 53.0 4.494 5.721
2090 53.0 4.802 5.682
2100 53.0 5.110 5.644
2110 53.0 5.420 5.600
2120 53.0 5.741 5.519
2130 53.0 5.747 4.865
2140 53.0 6.413 4.809
2150 53.0 5.809 4.689
2160 53.0 6.264 4.959
2170 53.0 6.806 4.383
2180 53.0 6.237 4.540
2190 53.0 7.474 3.925
2200 53.0 7.432 3.853
2210 53.0 8.165 3.952
2220 53.0 8.253 3.368
2230 53.0 9.993 2.611
2240 53.0 8.172 3.615
2080 55.0 14.714 4.725
2090 55.0 14.045 4.964
2100 55.0 13.445 5.151
2110 55.0 12.861 5.324
2120 55.0 12.272 5.498
2130 55.0 11.679 5.672
2140 55.0 11.086 5.812
2150 55.0 10.495 5.903
2160 55.0 11.439 6.392
2170 55.0 10.725 6.311
2180 55.0 10.254 6.462
2190 55.0 9.148 6.802
2200 55.0 9.454 6.887
2210 55.0 7.978 8.085
2220 55.0 7.854 7.881
2230 55.0 6.839 7.961
2240 55.0 8.819 7.886
2250 55.0 8.173 8.649
2260 55.0 6.488 8.815
2270 55.0 7.568 9.018
2220 51.0 9.098 5.560
2230 51.0 9.421 5.482
2240 51.0 9.698 5.448
2250 51.0 9.976 5.414
2260 51.0 10.253 5.380
2270 51.0 10.530 5.346
2280 51.0 10.808 5.312
2290 51.0 11.085 5.278
2300 51.0 10.641 5.446
2310 51.0 11.075 5.327
2320 51.0 11.196 5.542
2330 51.0 11.615 5.090
2340 51.0 11.150 5.240
2350 51.0 12.527 5.150
2360 51.0 11.822 4.939
2370 51.0 12.212 4.900
2380 51.0 12.779 5.248
2390 51.0 12.573 4.973
2400 51.0 13.419 4.914
2410 51.0 13.287 5.352
2520 56.0 14.971 4.481
2530 56.0 14.478 4.539
2540 56.0 13.984 4.596
2550 56.0 13.491 4.654
2560 56.0 12.928 4.678
2570 56.0 12.365 4.702
2580 56.0 11.802 4.725
2590 56.0 11.239 4.749
2600 56.0 11.498 4.978
2610 56.0 10.703 5.276
2620 56.0 10.359 4.950
2630 56.0 9.785 5.395
2640 56.0 10.869 5.327
2650 56.0 9.411 5.222
2660 56.0 8.637 4.726
2670 56.0 9.243 5.108
2680 56.0 9.544 5.136
2690 56.0 8.613 5.084
2700 56.0 9.372 5.162
2710 56.0 8.573 6.019
2530 57.0 14.721 5.039
2540 57.0 14.217 5.107
2550 57.0 13.713 5.176
2560 57.0 13.140 5.253
2570 57.0 12.521 5.338
2580 57.0 11.902 5.422
2590 57.0 11.303 5.497
2600 57.0 10.782 5.537
2610 57.0 11.884 6.242
2620 57.0 11.816 6.069
2630 57.0 11.120 6.660
2640 57.0 11.350 7.263
2650 57.0 10.827 6.981
2660 57.0 10.058 7.264
2670 57.0 9.842 7.686
2680 57.0 8.762 8.383
2690 57.0 7.325 8.384
2700 57.0 8.370 7.824
2710 57.0 7.321 8.758
2720 57.0 7.941 8.249
2870 58.0 15.036 3.836
2880 58.0 14.528 3.902
2890 58.0 14.020 3.967
2900 58.0 13.512 4.033
2910 58.0 13.053 4.099
2920 58.0 12.593 4.163
2930 58.0 12.134 4.229
2940 58.0 11.634 4.280
2950 58.0 11.802 4.862
2960 58.0 11.006 4.915
2970 58.0 10.775 4.912
2980 58.0 10.641 5.495
2990 58.0 10.537 5.856
3000 58.0 10.125 5.996
3010 58.0 10.531 5.738
3020 58.0 8.946 6.064
3030 58.0 9.023 5.807
3040 58.0 7.550 6.257
3050 58.0 6.342 6.525
3060 58.0 7.467 7.010
2880 59.0 15.024 4.255
2890 59.0 14.568 4.327
2900 59.0 14.112 4.399
2910 59.0 13.653 4.473
2920 59.0 13.173 4.570
2930 59.0 12.693 4.667
2940 59.0 12.213 4.763
2950 59.0 11.777 4.832
2960 59.0 12.813 4.893
2970 59.0 12.029 5.427
2980 59.0 12.163 5.472
2990 59.0 11.536 6.218
3000 59.0 11.219 6.353
3010 59.0 11.640 6.205
3020 59.0 10.529 6.360
3030 59.0 9.941 6.375
3040 59.0 8.811 7.094
3050 59.0 8.887 7.595
3060 59.0 7.886 7.905
3070 59.0 8.978 8.160
2930 60.0 -0.093 5.761
2940 60.0 0.455 5.737
2950 60.0 1.002 5.714
2960 60.0 1.549 5.690
2970 60.0 2.069 5.697
2980 60.0 2.570 5.725
2990 60.0 3.072 5.753
3000 60.0 3.568 5.777
3010 60.0 2.787 5.418
3020 60.0 2.907 5.394
3030 60.0 3.192 5.403
3040 60.0 2.918 6.152
3050 60.0 4.129 5.740
3060 60.0 3.844 6.615
3070 60.0 4.430 6.011
3080 60.0 4.616 5.769
3090 60.0 4.171 6.154
3100 60.0 4.422 6.894
3110 60.0 5.081 6.366
3120 60.0 3.670 6.377
3030 61.0 14.736 4.602
3040 61.0 14.061 4.651
3050 61.0 13.386 4.701
3060 61.0 12.733 4.686
3070 61.0 12.102 4.606
3080 61.0 11.470 4.527
3090 61.0 10.813 4.504
3100 61.0 10.129 4.538
3110 61.0 11.998 4.561
3120 61.0 11.014 5.316
3130 61.0 10.837 5.358
3140 61.0 11.036 5.019
3150 61.0 10.877 5.098
3160 61.0 10.033 5.254
3170 61.0 9.426 6.266
3180 61.0 9.494 5.693
3190 61.0 9.906 5.643
3200 61.0 9.495 4.788
3210 61.0 9.353 4.449
3220 61.0 8.712 5.781
3040 62.0 0.301 4.866
3050 62.0 0.782 4.840
3060 62.0 1.263 4.815
3070 62.0 1.756 4.782
3080 62.0 2.279 4.731
3090 62.0 2.802 4.681
3100 62.0 3.325 4.630
3110 62.0 3.864 4.574
3120 62.0 3.446 4.631
3130 62.0 3.441 4.687
3140 62.0 3.681 4.987
3150 62.0 3.578 5.454
3160 62.0 4.092 5.487
3170 62.0 4.003 5.998
3180 62.0 4.393 5.682
3190 62.0 4.867 5.205
3200 62.0 4.851 4.989
3210 62.0 4.937 4.769
3220 62.0 4.898 4.929
3230 62.0 5.042 5.129
3040 63.0 0.113 4.163
3050 63.0 0.669 4.061
3060 63.0 1.225 3.958
3070 63.0 1.774 3.864
3080 63.0 2.262 3.844
3090 63.0 2.749 3.823
3100 63.0 3.236 3.803
3110 63.0 3.751 3.762
3120 63.0 3.493 3.372
3130 63.0 4.341 3.472
3140 63.0 4.208 3.133
3150 63.0 3.917 3.330
3160 63.0 4.640 2.967
3170 63.0 3.624 3.252
3180 63.0 3.917 3.317
3190 63.0 4.222 2.964
3200 63.0 4.756 3.133
3210 63.0 5.797 2.774
3220 63.0 6.228 1.774
3230 63.0 5.800 2.373
3130 64.0 0.535 4.003
3140 64.0 1.084 4.045
3150 64.0 1.633 4.088
3160 64.0 2.158 4.146
3170 64.0 2.667 4.216
3180 64.0 3.176 4.285
3190 64.0 3.671 4.317
3200 64.0 4.151 4.311
3210 64.0 2.898 4.460
3220 64.0 3.756 4.218
3230 64.0 3.038 4.782
3240 64.0 3.685 4.507
3250 64.0 3.534 4.518
3260 64.0 4.256 3.998
3270 64.0 4.347 3.604
3280 64.0 4.258 3.747
3290 64.0 4.312 4.178
3300 64.0 4.594 4.055
3310 64.0 4.388 3.869
3320 64.0 4.385 4.731
3130 65.0 0.447 3.272
3140 65.0 0.881 3.337
3150 65.0 1.314 3.402
3160 65.0 1.754 3.461
3170 65.0 2.241 3.461
3180 65.0 2.729 3.461
3190 65.0 3.217 3.461
3200 65.0 3.704 3.461
3210 65.0 2.597 2.750
3220 65.0 3.325 2.753
3230 65.0 4.024 2.614
3240 65.0 4.196 2.885
3250 65.0 3.869 2.665
3260 65.0 4.719 2.573
3270 65.0 4.463 2.756
3280 65.0 5.178 3.296
3290 65.0 5.250 2.990
3300 65.0 5.218 3.553
3310 65.0 5.280 3.202
3320 65.0 6.082 3.382
3190 66.0 0.295 3.437
3200 66.0 0.798 3.394
3210 66.0 1.302 3.351
3220 66.0 1.797 3.316
3230 66.0 2.259 3.309
3240 66.0 2.721 3.303
3250 66.0 3.183 3.296
3260 66.0 3.661 3.286
3270 66.0 3.842 2.763
3280 66.0 4.034 2.660
3290 66.0 3.789 3.143
3300 66.0 4.890 2.450
3310 66.0 4.693 2.864
3320 66.0 4.731 3.238
3330 66.0 4.840 3.737
3340 66.0 5.218 2.997
3350 66.0 5.148 3.051
3360 66.0 5.326 2.756
3370 66.0 6.430 2.628
3380 66.0 4.503 3.469
3210 67.0 14.773 3.586
3220 67.0 14.206 3.687
3230 67.0 13.640 3.788
3240 67.0 13.067 3.912
3250 67.0 12.491 4.045
3260 67.0 11.915 4.179
3270 67.0 11.363 4.312
3280 67.0 10.867 4.447
3290 67.0 10.983 4.563
3300 67.0 10.384 5.105
3310 67.0 9.474 5.442
3320 67.0 9.777 4.881
3330 67.0 10.236 4.776
3340 67.0 8.683 5.260
3350 67.0 9.251 5.843
3360 67.0 9.172 5.785
3370 67.0 8.782 5.733
3380 67.0 8.341 5.066
3390 67.0 7.692 5.779
3400 67.0 7.840 5.873
3210 68.0 14.913 4.469
3220 68.0 14.338 4.621
3230 68.0 13.764 4.773
3240 68.0 13.242 4.844
3250 68.0 12.720 4.915
3260 68.0 12.206 4.999
3270 68.0 11.711 5.115
3280 68.0 11.216 5.231
3290 68.0 10.255 5.802
3300 68.0 10.399 5.578
3310 68.0 10.320 5.681
3320 68.0 9.738 5.429
3330 68.0 9.671 5.284
3340 68.0 8.952 5.846
3350 68.0 9.477 5.224
3360 68.0 8.318 6.302
3370 68.0 7.714 6.709
3380 68.0 8.291 7.018
3390 68.0 7.072 7.703
3400 68.0 5.611 7.363
3340 69.0 0.430 3.242
3350 69.0 1.030 3.233
3360 69.0 1.630 3.225
3370 69.0 2.174 3.196
3380 69.0 2.693 3.158
3390 69.0 3.213 3.121
3400 69.0 3.749 3.077
3410 69.0 4.300 3.025
3420 69.0 3.592 2.416
3430 69.0 4.020 2.810
3440 69.0 3.521 2.621
3450 69.0 3.461 2.103
3460 69.0 3.657 2.370
3470 69.0 3.834 2.319
3480 69.0 4.146 2.399
3490 69.0 5.581 1.387
3500 69.0 6.099 1.238
3510 69.0 4.997 2.407
3520 69.0 5.060 1.522
3530 69.0 5.779 1.540
3370 70.0 0.008 4.074
3380 70.0 0.566 4.032
3390 70.0 1.125 3.991
3400 70.0 1.682 3.946
3410 70.0 2.237 3.896
3420 70.0 2.792 3.845
3430 70.0 3.346 3.795
3440 70.0 3.941 3.759
3450 70.0 3.559 3.774
3460 70.0 2.511 4.261
3470 70.0 2.461 4.825
3480 70.0 2.472 4.794
3490 70.0 2.977 5.303
3500 70.0 3.683 4.906
3510 70.0 3.476 4.494
3520 70.0 3.512 4.750
3530 70.0 4.496 4.719
3540 70.0 5.018 4.941
3550 70.0 4.185 4.815
3560 70.0 4.541 4.947
3370 71.0 0.273 6.794
3380 71.0 0.761 6.689
3390 71.0 1.249 6.584
3400 71.0 1.794 6.556
3410 71.0 2.352 6.547
3420 71.0 2.902 6.533
3430 71.0 3.418 6.502
3440 71.0 3.934 6.471
3450 71.0 4.088 6.374
3460 71.0 2.824 6.454
3470 71.0 3.864 6.456
3480 71.0 4.719 6.094
3490 71.0 4.374 6.376
3500 71.0 3.811 7.165
3510 71.0 4.681 7.243
3520 71.0 4.476 7.088
3530 71.0 4.662 6.992
3540 71.0 4.174 6.787
3550 71.0 4.707 6.782
3560 71.0 4.278 7.129
3570 72.0 15.102 3.915
3580 72.0 14.833 4.030
3590 72.0 14.563 4.144
3600 72.0 14.356 4.256
3610 72.0 14.295 4.364
3620 72.0 14.234 4.472
3630 72.0 14.115 4.564
3640 72.0 13.764 4.594
3650 72.0 13.791 4.988
3660 72.0 13.137 4.952
3670 72.0 13.145 5.333
3680 72.0 13.221 5.069
3690 72.0 13.148 5.199
3700 72.0 13.094 4.802
3710 72.0 12.653 5.151
3720 72.0 12.491 5.053
3730 72.0 12.365 5.191
3740 72.0 12.345 5.365
3750 72.0 11.035 6.101
3760 72.0 10.373 6.038
3580 73.0 15.043 4.673
3590 73.0 14.950 4.505
3600 73.0 14.858 4.337
3610 73.0 14.765 4.168
3620 73.0 14.610 4.003
3630 73.0 14.208 3.851
3640 73.0 13.807 3.699
3650 73.0 13.268 3.737
3660 73.0 13.477 4.003
3670 73.0 13.183 3.956
3680 73.0 13.314 3.192
3690 73.0 13.413 3.408
3700 73.0 14.103 3.584
3710 73.0 13.564 3.355
3720 73.0 13.007 2.969
3730 73.0 13.050 2.893
3740 73.0 12.050 2.419
3750 73.0 12.476 2.534
3760 73.0 12.488 2.042
3770 73.0 12.625 2.401
3580 74.0 0.153 8.464
3590 74.0 0.296 8.127
3600 74.0 0.438 7.790
3610 74.0 0.581 7.453
3620 74.0 0.780 7.140
3630 74.0 1.209 6.919
3640 74.0 1.638 6.698
3650 74.0 2.086 6.538
3660 74.0 2.111 5.939
3670 74.0 3.256 5.589
3680 74.0 3.333 5.629
3690 74.0 3.556 5.700
3700 74.0 3.418 5.903
3710 74.0 4.125 5.152
3720 74.0 4.044 6.101
3730 74.0 4.022 5.015
3740 74.0 5.483 4.406
3750 74.0 5.970 3.815
3760 74.0 4.940 4.638
3770 74.0 5.143 4.576
3630 76.0 14.857 4.746
3640 76.0 14.474 4.930
3650 76.0 14.042 5.111
3660 76.0 13.495 5.283
3670 76.0 12.948 5.455
3680 76.0 12.441 5.551
3690 76.0 11.945 5.627
3700 76.0 11.449 5.704
3710 76.0 11.524 6.056
3720 76.0 11.236 6.459
3730 76.0 10.817 6.312
3740 76.0 10.500 6.330
3750 76.0 10.112 6.835
3760 76.0 9.288 6.586
3770 76.0 9.602 6.289
3780 76.0 8.476 6.859
3790 76.0 9.392 6.849
3800 76.0 8.186 7.082
3810 76.0 7.760 7.131
3820 76.0 7.438 7.268
3650 77.0 14.998 4.387
3660 77.0 14.490 4.584
3670 77.0 13.982 4.780
3680 77.0 13.475 4.977
3690 77.0 12.954 5.074
3700 77.0 12.428 5.128
3710 77.0 11.921 5.174
3720 77.0 11.432 5.212
3730 77.0 11.899 5.445
3740 77.0 11.732 5.699
3750 77.0 12.187 5.430
3760 77.0 10.962 6.158
3770 77.0 10.145 6.180
3780 77.0 10.212 6.723
3790 77.0 9.137 6.823
3800 77.0 8.937 6.777
3810 77.0 7.665 7.313
3820 77.0 8.663 7.364
3830 77.0 9.162 6.493
3840 77.0 7.688 8.450
3660 75.0 0.211 6.311
3670 75.0 0.639 5.941
3680 75.0 1.067 5.571
3690 75.0 1.519 5.237
3700 75.0 2.063 5.048
3710 75.0 2.606 4.859
3720 75.0 3.110 4.579
3730 75.0 3.604 4.276
3740 75.0 3.912 3.987
3750 75.0 4.617 3.433
3760 75.0 4.791 3.245
3770 75.0 6.164 1.931
3780 75.0 6.279 1.171
3790 75.0 5.795 2.657
3800 75.0 5.541 1.588
3810 75.0 7.008 1.163
3820 75.0 6.977 1.514
3830 75.0 7.753 1.721
3840 75.0 5.181 3.681
3850 75.0 4.583 3.837
3760 78.0 0.385 4.076
3770 78.0 0.837 4.049
3780 78.0 1.289 4.023
3790 78.0 1.735 4.009
3800 78.0 2.175 4.009
3810 78.0 2.615 4.009
3820 78.0 3.057 4.006
3830 78.0 3.505 3.991
3840 78.0 3.706 3.601
3850 78.0 4.052 3.613
3860 78.0 4.015 3.712
3870 78.0 4.058 4.063
3880 78.0 3.585 3.822
3890 78.0 3.440 3.829
3900 78.0 3.028 4.135
3910 78.0 4.030 4.443
3920 78.0 4.367 4.059
3930 78.0 4.367 4.545
3940 78.0 3.621 4.657
3950 78.0 4.907 5.001
3760 79.0 0.153 3.566
3770 79.0 0.625 3.533
3780 79.0 1.097 3.500
3790 79.0 1.568 3.467
3800 79.0 2.008 3.436
3810 79.0 2.440 3.404
3820 79.0 2.872 3.373
3830 79.0 3.304 3.341
3840 79.0 3.228 3.517
3850 79.0 3.453 3.372
3860 79.0 2.999 2.972
3870 79.0 3.830 3.056
3880 79.0 4.266 3.009
3890 79.0 4.204 3.743
3900 79.0 4.945 3.300
3910 79.0 4.867 3.185
3920 79.0 4.072 3.752
3930 79.0 4.566 3.077
3940 79.0 5.039 3.743
3950 79.0 4.689 4.612
3760 80.0 0.225 2.904
3770 80.0 0.668 2.930
3780 80.0 1.112 2.955
3790 80.0 1.555 2.981
3800 80.0 2.018 2.909
3810 80.0 2.482 2.827
3820 80.0 2.947 2.745
3830 80.0 3.405 2.745
3840 80.0 2.705 1.740
3850 80.0 2.745 2.189
3860 80.0 2.938 2.273
3870 80.0 2.993 1.974
3880 80.0 3.114 2.088
3890 80.0 4.343 1.543
3900 80.0 4.809 1.599
3910 80.0 5.012 1.321
3920 80.0 4.703 1.501
3930 80.0 5.075 2.178
3940 80.0 5.564 1.876
3950 80.0 6.243 1.598
4010 81.0 12.623 12.343
4020 81.0 12.710 12.011
4030 81.0 12.797 11.679
4040 81.0 12.885 11.347
4050 81.0 12.972 11.016
4060 81.0 13.004 10.734
4070 81.0 13.000 10.486
4080 81.0 12.996 10.237
4090 81.0 12.801 9.421
4100 81.0 12.615 9.398
4110 81.0 12.635 8.735
4120 81.0 12.808 8.281
4130 81.0 12.840 8.058
4140 81.0 12.424 7.118
4150 81.0 12.523 6.110
4160 81.0 12.578 6.581
4170 81.0 12.085 5.962
4180 81.0 12.573 5.785
4190 81.0 12.590 3.960
4200 81.0 12.465 5.384
4010 83.0 13.381 12.284
4020 83.0 13.396 12.068
4030 83.0 13.411 11.851
4040 83.0 13.425 11.635
4050 83.0 13.440 11.418
4060 83.0 13.471 11.166
4070 83.0 13.526 10.860
4080 83.0 13.580 10.554
4090 83.0 13.656 10.794
4100 83.0 13.561 10.127
4110 83.0 13.444 9.708
4120 83.0 13.652 9.259
4130 83.0 13.602 9.284
4140 83.0 13.353 8.223
4150 83.0 13.544 8.580
4160 83.0 13.751 7.542
4170 83.0 13.290 7.314
4180 83.0 13.542 6.803
4190 83.0 13.574 6.365
4200 83.0 13.474 6.011
4210 82.0 12.697 6.826
4220 82.0 12.533 6.587
4230 82.0 12.330 6.380
4240 82.0 12.039 6.247
4250 82.0 11.748 6.113
4260 82.0 11.457 5.980
4270 82.0 11.096 5.978
4280 82.0 10.726 5.991
4290 82.0 11.155 6.352
4300 82.0 11.014 6.410
4310 82.0 10.772 6.435
4320 82.0 10.667 6.652
4330 82.0 9.385 6.841
4340 82.0 10.735 6.911
4350 82.0 9.713 7.791
4360 82.0 8.548 7.062
4370 82.0 8.947 7.858
4380 82.0 8.233 7.507
4390 82.0 6.782 8.498
4400 82.0 6.873 7.951
4210 84.0 13.531 6.819
4220 84.0 13.403 6.512
4230 84.0 13.144 6.227
4240 84.0 12.828 5.952
4250 84.0 12.501 5.694
4260 84.0 12.073 5.594
4270 84.0 11.645 5.494
4280 84.0 11.218 5.394
4290 84.0 11.968 5.520
4300 84.0 11.854 5.657
4310 84.0 12.183 5.404
4320 84.0 11.922 5.515
4330 84.0 12.281 5.470
4340 84.0 12.079 5.070
4350 84.0 12.426 5.732
4360 84.0 12.395 5.452
4370 84.0 12.273 5.106
4380 84.0 12.062 4.740
4390 84.0 11.564 4.661
4400 84.0 11.195 4.320
4310 85.0 15.159 6.899
4320 85.0 14.719 6.813
4330 85.0 14.279 6.726
4340 85.0 13.839 6.639
4350 85.0 13.403 6.514
4360 85.0 12.974 6.333
4370 85.0 12.545 6.152
4380 85.0 12.070 6.050
4390 85.0 13.076 6.871
4400 85.0 12.864 6.466
4410 85.0 11.886 6.473
4420 85.0 11.704 6.800
4430 85.0 11.928 7.025
4440 85.0 11.769 6.763
4450 85.0 11.838 7.052
4460 85.0 10.811 7.528
4470 85.0 10.827 6.404
4480 85.0 9.334 6.673
4490 85.0 9.075 7.046
4500 85.0 9.886 7.065
4350 86.0 0.082 3.933
4360 86.0 0.522 3.985
4370 86.0 0.961 4.036
4380 86.0 1.403 4.047
4390 86.0 1.846 4.030
4400 86.0 2.290 4.013
4410 86.0 2.727 3.990
4420 86.0 3.162 3.965
4430 86.0 2.333 3.921
4440 86.0 2.179 4.008
4450 86.0 2.155 4.045
4460 86.0 2.738 3.883
4470 86.0 2.399 4.037
4480 86.0 3.186 3.345
4490 86.0 2.514 4.176
4500 86.0 3.082 3.894
4510 86.0 3.238 3.560
4520 86.0 3.114 3.757
4530 86.0 2.806 4.437
4540 86.0 3.183 4.536
4360 88.0 0.638 2.784
4370 88.0 1.410 2.816
4380 88.0 2.182 2.848
4390 88.0 2.924 2.887
4400 88.0 3.636 2.933
4410 88.0 4.349 2.979
4420 88.0 5.077 2.983
4430 88.0 5.807 2.983
4440 88.0 3.814 2.731
4450 88.0 3.560 2.414
4460 88.0 4.359 2.373
4470 88.0 4.388 2.646
4480 88.0 4.340 2.464
4490 88.0 4.268 2.372
4500 88.0 4.707 2.088
4510 88.0 5.682 1.536
4520 88.0 5.926 1.827
4530 88.0 5.724 2.074
4540 88.0 6.403 2.539
4550 88.0 5.374 2.979
4460 89.0 5.127 4.551
4470 89.0 5.572 4.537
4480 89.0 6.018 4.523
4490 89.0 6.460 4.511
4500 89.0 6.870 4.518
4510 89.0 7.279 4.524
4520 89.0 7.689 4.531
4530 89.0 8.085 4.546
4540 89.0 8.109 4.313
4550 89.0 8.186 4.754
4560 89.0 9.133 4.160
4570 89.0 8.600 4.579
4580 89.0 8.590 4.774
4590 89.0 9.074 4.646
4600 89.0 9.683 4.259
4610 89.0 9.869 5.287
4620 89.0 9.728 5.215
4630 89.0 9.026 5.010
4640 89.0 9.181 5.136
4650 89.0 9.303 4.470
4550 87.0 8.796 3.925
4560 87.0 9.193 3.904
4570 87.0 9.568 3.903
4580 87.0 9.889 3.945
4590 87.0 10.211 3.987
4600 87.0 10.533 4.029
4610 87.0 10.835 4.158
4620 87.0 11.134 4.296
4630 87.0 11.758 4.063
4640 87.0 11.482 4.231
4650 87.0 11.326 4.139
4660 87.0 11.698 4.298
4670 87.0 11.772 3.965
4680 87.0 11.857 3.689
4690 87.0 12.472 4.189
4700 87.0 12.759 3.889
4710 87.0 13.428 3.395
4720 87.0 13.026 4.319
4730 87.0 14.242 3.944
4740 87.0 12.603 4.061
4670 90.0 0.524 4.111
4680 90.0 1.109 4.171
4690 90.0 1.693 4.230
4700 90.0 2.278 4.290
4710 90.0 2.821 4.201
4720 90.0 3.359 4.096
4730 90.0 3.898 3.991
4740 90.0 4.438 3.955
4750 90.0 3.244 3.933
4760 90.0 3.892 4.048
4770 90.0 4.228 3.575
4780 90.0 3.675 4.825
4790 90.0 4.182 4.427
4800 90.0 4.728 4.251
4810 90.0 5.144 4.381
4820 90.0 3.673 4.932
4830 90.0 3.507 4.605
4840 90.0 5.134 4.394
4850 90.0 4.379 5.145
4860 90.0 4.329 4.668
4750 91.0 14.721 4.652
4760 91.0 14.107 4.600
4770 91.0 13.509 4.541
4780 91.0 12.969 4.453
4790 91.0 12.429 4.366
4800 91.0 11.882 4.321
4810 91.0 11.309 4.447
4820 91.0 10.736 4.573
4830 91.0 12.053 4.853
4840 91.0 11.499 5.286
4850 91.0 12.556 4.050
4860 91.0 11.842 4.118
4870 91.0 11.490 4.257
4880 91.0 10.747 4.757
4890 91.0 10.126 5.040
4900 91.0 10.718 4.620
4910 91.0 9.953 4.730
4920 91.0 10.601 4.508
4930 91.0 9.994 5.470
4940 91.0 9.497 5.340
4750 92.0 15.048 5.179
4760 92.0 14.502 5.209
4770 92.0 13.957 5.239
4780 92.0 13.411 5.268
4790 92.0 12.832 5.299
4800 92.0 12.245 5.331
4810 92.0 11.657 5.362
4820 92.0 11.070 5.394
4830 92.0 10.911 6.018
4840 92.0 11.538 6.227
4850 92.0 11.695 5.975
4860 92.0 11.188 5.537
4870 92.0 10.403 6.571
4880 92.0 9.980 6.474
4890 92.0 10.815 6.805
4900 92.0 8.819 7.516
4910 92.0 9.460 7.145
4920 92.0 7.378 7.872
4930 92.0 7.733 8.721
4940 92.0 7.249 8.736
4820 93.0 15.271 4.353
4830 93.0 14.556 4.449
4840 93.0 13.840 4.544
4850 93.0 13.130 4.644
4860 93.0 12.471 4.779
4870 93.0 11.811 4.914
4880 93.0 11.155 5.047
4890 93.0 10.530 5.159
4900 93.0 11.870 5.073
4910 93.0 11.476 5.542
4920 93.0 10.693 6.066
4930 93.0 10.413 5.765
4940 93.0 10.137 5.987
4950 93.0 9.746 6.477
4960 93.0 10.991 5.631
4970 93.0 9.505 6.648
4980 93.0 9.719 6.626
4990 93.0 8.846 6.672
5000 93.0 8.700 7.152
5010 93.0 9.878 6.036
5000 94.0 15.024 3.889
5010 94.0 14.634 3.896
5020 94.0 14.244 3.904
5030 94.0 13.854 3.910
5040 94.0 13.600 3.903
5050 94.0 13.482 3.880
5060 94.0 13.363 3.858
5070 94.0 13.236 3.842
5080 94.0 13.095 3.954
5090 94.0 13.421 4.063
5100 94.0 13.084 3.805
5110 94.0 13.177 3.923
5120 94.0 12.945 3.725
5130 94.0 12.693 4.349
5140 94.0 12.837 4.340
5150 94.0 12.648 4.012
5160 94.0 10.864 4.850
5170 94.0 11.513 5.130
5180 94.0 11.170 4.707
5190 94.0 11.126 5.256
5030 97.0 14.917 7.485
5040 97.0 14.587 7.163
5050 97.0 14.270 6.855
5060 97.0 14.059 6.665
5070 97.0 13.849 6.476
5080 97.0 13.645 6.292
5090 97.0 13.471 6.128
5100 97.0 13.297 5.964
5110 97.0 12.936 6.222
5120 97.0 13.015 6.495
5130 97.0 13.328 6.629
5140 97.0 13.385 6.786
5150 97.0 12.677 7.763
5160 97.0 12.240 7.435
5170 97.0 11.939 7.218
5180 97.0 11.528 7.111
5190 97.0 12.479 7.256
5200 97.0 10.740 7.932
5210 97.0 9.518 8.162
5220 97.0 9.937 7.148
5040 100.0 15.144 7.370
5050 100.0 14.905 7.023
5060 100.0 14.666 6.676
5070 100.0 14.432 6.345
5080 100.0 14.208 6.037
5090 100.0 13.984 5.729
5100 100.0 13.742 5.462
5110 100.0 13.456 5.291
5120 100.0 13.972 4.645
5130 100.0 14.125 3.948
5140 100.0 14.733 3.407
5150 100.0 14.425 2.716
5160 100.0 14.181 1.756
5170 100.0 14.100 2.283
5180 100.0 13.988 0.532
5190 100.0 13.678 0.381
5200 100.0 14.129 0.334
5210 100.0 14.047 0.939
5220 100.0 14.253 0.056
5230 100.0 14.477 0.648
5060 103.0 0.183 3.930
5070 103.0 0.671 4.007
5080 103.0 1.160 4.084
5090 103.0 1.643 4.150
5100 103.0 2.074 4.126
5110 103.0 2.506 4.103
5120 103.0 2.937 4.079
5130 103.0 3.372 4.050
5140 103.0 3.354 3.498
5150 103.0 3.187 4.247
5160 103.0 4.148 3.834
5170 103.0 3.687 4.175
5180 103.0 3.883 4.465
5190 103.0 4.028 4.633
5200 103.0 3.571 4.235
5210 103.0 4.366 3.952
5220 103.0 3.965 3.916
5230 103.0 4.139 3.697
5240 103.0 5.283 3.089
5250 103.0 4.344 3.603
5090 104.0 0.003 3.856
5100 104.0 0.522 3.941
5110 104.0 1.040 4.026
5120 104.0 1.559 4.112
5130 104.0 2.050 4.163
5140 104.0 2.535 4.207
5150 104.0 3.020 4.250
5160 104.0 3.500 4.278
5170 104.0 2.613 3.998
5180 104.0 3.105 3.883
5190 104.0 3.383 4.311
5200 104.0 4.035 4.211
5210 104.0 4.337 4.750
5220 104.0 3.937 4.196
5230 104.0 4.725 4.281
5240 104.0 2.925 4.208
5250 104.0 3.942 3.937
5260 104.0 4.179 4.326
5270 104.0 4.858 4.356
5280 104.0 4.819 4.767
5090 105.0 15.168 6.987
5100 105.0 14.839 6.927
5110 105.0 14.510 6.867
5120 105.0 14.181 6.808
5130 105.0 13.906 6.744
5140 105.0 13.683 6.676
5150 105.0 13.461 6.608
5160 105.0 13.238 6.539
5170 105.0 13.120 7.131
5180 105.0 12.730 7.289
5190 105.0 12.370 7.002
5200 105.0 12.531 7.456
5210 105.0 12.616 7.286
5220 105.0 12.320 7.408
5230 105.0 12.157 7.704
5240 105.0 11.744 7.660
5250 105.0 11.590 7.765
5260 105.0 11.243 7.555
5270 105.0 10.464 7.421
5280 105.0 10.826 8.048
5100 107.0 15.069 6.110
5110 107.0 14.817 6.126
5120 107.0 14.564 6.141
5130 107.0 14.312 6.157
5140 107.0 14.077 6.028
5150 107.0 13.843 5.898
5160 107.0 13.608 5.769
5170 107.0 13.289 5.630
5180 107.0 13.769 5.765
5190 107.0 13.818 5.888
5200 107.0 14.349 5.411
5210 107.0 13.757 4.924
5220 107.0 13.613 5.158
5230 107.0 13.266 5.996
5240 107.0 13.333 5.583
5250 107.0 13.417 6.346
5260 107.0 12.602 6.047
5270 107.0 12.411 6.499
5280 107.0 12.490 6.390
5290 107.0 11.370 6.384
5120 111.0 0.341 2.907
5130 111.0 0.687 2.899
5140 111.0 1.033 2.890
5150 111.0 1.164 2.893
5160 111.0 1.203 2.900
5170 111.0 1.241 2.908
5180 111.0 1.280 2.915
5190 111.0 1.319 2.922
5200 111.0 1.426 2.683
5210 111.0 1.573 2.915
5220 111.0 2.035 3.100
5230 111.0 2.154 2.536
5240 111.0 2.859 2.445
5250 111.0 3.160 2.422
5260 111.0 3.767 2.356
5270 111.0 3.326 2.453
5280 111.0 3.011 1.969
5290 111.0 3.423 2.300
5300 111.0 3.781 2.051
5310 111.0 4.675 2.124
5130 109.0 0.147 6.730
5140 109.0 0.491 6.452
5150 109.0 0.835 6.173
5160 109.0 1.179 5.895
5170 109.0 1.575 5.790
5180 109.0 1.971 5.684
5190 109.0 2.367 5.579
5200 109.0 2.806 5.443
5210 109.0 1.920 5.578
5220 109.0 2.402 5.660
5230 109.0 2.262 5.590
5240 109.0 2.833 5.552
5250 109.0 3.855 5.062
5260 109.0 3.949 4.758
5270 109.0 4.189 4.516
5280 109.0 4.357 4.326
5290 109.0 4.404 4.140
5300 109.0 5.056 4.238
5310 109.0 5.305 3.982
5320 109.0 6.245 4.485
5150 110.0 0.189 5.799
5160 110.0 0.649 5.587
5170 110.0 1.109 5.375
5180 110.0 1.557 5.212
5190 110.0 1.978 5.162
5200 110.0 2.399 5.113
5210 110.0 2.831 5.000
5220 110.0 3.279 4.793
5230 110.0 3.742 4.280
5240 110.0 4.128 4.089
5250 110.0 4.198 3.518
5260 110.0 5.208 3.459
5270 110.0 6.130 3.005
5280 110.0 6.074 3.592
5290 110.0 5.901 4.012
5300 110.0 6.442 3.367
5310 110.0 6.526 2.792
5320 110.0 7.305 2.984
5330 110.0 7.060 2.892
5340 110.0 8.919 1.590
5200 95.0 10.273 4.101
5210 95.0 9.964 4.152
5220 95.0 9.656 4.203
5230 95.0 9.347 4.254
5240 95.0 9.037 4.304
5250 95.0 8.777 4.378
5260 95.0 8.537 4.461
5270 95.0 8.297 4.545
5280 95.0 7.758 4.853
5290 95.0 7.834 4.975
5300 95.0 7.328 5.383
5310 95.0 7.582 5.410
5320 95.0 6.719 5.930
5330 95.0 6.959 5.593
5340 95.0 6.140 5.808
5350 95.0 6.915 6.116
5360 95.0 5.645 6.275
5370 95.0 4.412 6.878
5380 95.0 4.563 7.126
5390 95.0 4.469 7.739
5230 98.0 10.049 5.719
5240 98.0 9.804 5.773
5250 98.0 9.574 5.819
5260 98.0 9.359 5.857
5270 98.0 9.145 5.895
5280 98.0 8.930 5.933
5290 98.0 8.715 5.971
5300 98.0 8.503 6.072
5310 98.0 8.925 6.052
5320 98.0 9.096 6.064
5330 98.0 8.746 6.068
5340 98.0 8.581 5.809
5350 98.0 7.901 6.183
5360 98.0 8.264 6.323
5370 98.0 8.525 6.507
5380 98.0 8.732 6.338
5390 98.0 8.232 6.480
5400 98.0 7.982 6.435
5410 98.0 7.408 6.509
5420 98.0 7.108 6.703
5240 101.0 9.674 4.994
5250 101.0 9.438 5.043
5260 101.0 9.202 5.091
5270 101.0 8.965 5.140
5280 101.0 8.731 5.198
5290 101.0 8.504 5.295
5300 101.0 8.278 5.391
5310 101.0 8.051 5.487
5320 101.0 7.543 6.023
5330 101.0 7.463 5.747
5340 101.0 7.167 6.234
5350 101.0 6.449 6.752
5360 101.0 5.974 6.711
5370 101.0 5.685 6.682
5380 101.0 5.282 7.260
5390 101.0 4.499 7.670
5400 101.0 4.292 8.008
5410 101.0 3.679 8.550
5420 101.0 4.076 7.923
5430 101.0 3.378 8.923
5290 106.0 9.454 4.790
5300 106.0 9.155 4.809
5310 106.0 8.856 4.828
5320 106.0 8.555 4.837
5330 106.0 8.234 4.762
5340 106.0 7.912 4.687
5350 106.0 7.591 4.611
5360 106.0 7.263 4.565
5370 106.0 7.449 5.037
5380 106.0 7.535 5.036
5390 106.0 6.944 5.132
5400 106.0 6.657 5.537
5410 106.0 6.363 5.858
5420 106.0 6.811 5.448
5430 106.0 4.961 5.919
5440 106.0 5.348 5.738
5450 106.0 4.792 6.085
5460 106.0 4.994 6.027
5470 106.0 3.713 5.806
5480 106.0 3.995 6.707
5290 113.0 0.414 3.612
5300 113.0 0.948 3.629
5310 113.0 1.481 3.646
5320 113.0 1.957 3.616
5330 113.0 2.408 3.565
5340 113.0 2.859 3.513
5350 113.0 3.329 3.469
5360 113.0 3.801 3.426
5370 113.0 2.908 3.756
5380 113.0 3.493 3.514
5390 113.0 3.133 3.961
5400 113.0 3.619 4.031
5410 113.0 3.997 4.255
5420 113.0 4.419 3.671
5430 113.0 4.463 4.346
5440 113.0 5.044 3.819
5450 113.0 5.865 4.672
5460 113.0 5.081 5.599
5470 113.0 3.974 4.256
5480 113.0 4.978 3.316
5300 108.0 9.168 3.893
5310 108.0 8.812 3.906
5320 108.0 8.455 3.919
5330 108.0 8.098 3.933
5340 108.0 7.734 3.924
5350 108.0 7.364 3.901
5360 108.0 6.995 3.877
5370 108.0 6.625 3.854
5380 108.0 6.426 3.969
5390 108.0 6.131 3.862
5400 108.0 5.950 4.340
5410 108.0 6.098 3.942
5420 108.0 5.796 3.876
5430 108.0 5.477 4.520
5440 108.0 4.811 4.616
5450 108.0 4.693 4.792
5460 108.0 5.699 5.330
5470 108.0 4.688 5.215
5480 108.0 3.476 5.157
5490 108.0 3.676 5.761
5320 112.0 3.630 3.116
5330 112.0 4.188 3.058
5340 112.0 4.745 3.000
5350 112.0 5.285 2.973
5360 112.0 5.783 3.016
5370 112.0 6.282 3.061
5380 112.0 6.780 3.104
5390 112.0 7.290 3.123
5400 112.0 6.618 2.524
5410 112.0 6.671 2.340
5420 112.0 7.012 2.154
5430 112.0 6.583 2.708
5440 112.0 6.863 2.344
5450 112.0 7.891 2.684
5460 112.0 8.106 2.234
5470 112.0 8.394 2.030
5480 112.0 10.064 1.965
5490 112.0 9.095 1.859
5500 112.0 10.029 1.344
5510 112.0 10.026 1.972
5320 114.0 0.441 3.751
5330 114.0 0.943 3.758
5340 114.0 1.445 3.766
5350 114.0 1.944 3.762
5360 114.0 2.437 3.740
5370 114.0 2.931 3.717
5380 114.0 3.410 3.678
5390 114.0 3.830 3.574
5400 114.0 2.722 3.110
5410 114.0 3.938 3.804
5420 114.0 4.627 3.835
5430 114.0 5.045 3.722
5440 114.0 5.236 3.300
5450 114.0 5.449 3.974
5460 114.0 4.824 3.520
5470 114.0 4.286 4.276
5480 114.0 4.533 4.716
5490 114.0 5.060 4.195
5500 114.0 4.693 4.447
5510 114.0 4.794 3.848
5320 115.0 0.517 4.335
5330 115.0 1.087 4.366
5340 115.0 1.657 4.397
5350 115.0 2.184 4.399
5360 115.0 2.646 4.360
5370 115.0 3.108 4.320
5380 115.0 3.570 4.280
5390 115.0 3.986 4.147
5400 115.0 3.889 4.441
5410 115.0 3.964 4.481
5420 115.0 4.065 3.955
5430 115.0 3.098 4.636
5440 115.0 4.190 3.615
5450 115.0 4.076 4.536
5460 115.0 4.347 5.051
5470 115.0 4.437 5.157
5480 115.0 4.820 5.322
5490 115.0 3.830 4.395
5500 115.0 4.790 4.609
5510 115.0 4.700 4.906
5320 116.0 14.920 6.824
5330 116.0 14.385 6.694
5340 116.0 13.850 6.565
5350 116.0 13.277 6.400
5360 116.0 12.693 6.227
5370 116.0 12.116 6.093
5380 116.0 11.542 5.986
5390 116.0 10.969 5.879
5400 116.0 11.615 6.302
5410 116.0 10.860 7.312
5420 116.0 10.556 6.240
5430 116.0 9.767 6.235
5440 116.0 10.182 5.503
5450 116.0 8.701 6.157
5460 116.0 10.248 6.636
5470 116.0 8.637 6.898
5480 116.0 8.695 6.974
5490 116.0 8.334 7.078
5500 116.0 9.266 6.974
5510 116.0 8.994 6.965
5340 117.0 12.081 12.386
5350 117.0 12.070 12.148
5360 117.0 12.060 11.909
5370 117.0 12.050 11.670
5380 117.0 12.040 11.432
5390 117.0 12.036 11.288
5400 117.0 12.033 11.155
5410 117.0 12.031 11.022
5420 117.0 12.026 10.505
5430 117.0 12.049 9.950
5440 117.0 12.026 9.653
5450 117.0 12.231 9.493
5460 117.0 12.227 8.689
5470 117.0 11.972 8.533
5480 117.0 11.961 7.633
5490 117.0 11.997 6.862
5500 117.0 11.982 6.625
5510 117.0 12.145 6.006
5520 117.0 12.154 4.911
5530 117.0 12.041 5.419
5370 120.0 15.050 4.230
5380 120.0 14.624 4.291
5390 120.0 14.197 4.352
5400 120.0 13.771 4.413
5410 120.0 13.345 4.475
5420 120.0 12.865 4.562
5430 120.0 12.372 4.656
5440 120.0 11.879 4.751
5450 120.0 12.471 4.504
5460 120.0 12.063 4.404
5470 120.0 11.209 5.027
5480 120.0 10.490 5.399
5490 120.0 10.356 4.823
5500 120.0 9.965 5.013
5510 120.0 10.312 5.237
5520 120.0 10.589 5.470
5530 120.0 10.155 5.984
5540 120.0 9.694 5.914
5550 120.0 8.151 6.218
5560 120.0 9.788 4.936
5370 122.0 15.148 3.094
5380 122.0 14.676 3.202
5390 122.0 14.204 3.311
5400 122.0 13.732 3.419
5410 122.0 13.268 3.505
5420 122.0 12.817 3.556
5430 122.0 12.366 3.607
5440 122.0 11.915 3.658
5450 122.0 11.779 4.440
5460 122.0 11.253 4.410
5470 122.0 11.011 4.410
5480 122.0 10.589 5.445
5490 122.0 9.187 5.463
5500 122.0 9.115 5.895
5510 122.0 8.851 5.913
5520 122.0 9.365 5.844
5530 122.0 8.824 6.886
5540 122.0 8.399 6.586
5550 122.0 8.057 6.730
5560 122.0 6.928 8.015
5380 124.0 15.006 3.842
5390 124.0 14.564 3.834
5400 124.0 14.121 3.826
5410 124.0 13.680 3.831
5420 124.0 13.253 3.953
5430 124.0 12.826 4.076
5440 124.0 12.400 4.199
5450 124.0 11.975 4.291
5460 124.0 12.172 4.265
5470 124.0 11.330 4.604
5480 124.0 11.523 4.707
5490 124.0 10.427 4.597
5500 124.0 10.166 4.898
5510 124.0 10.757 4.876
5520 124.0 9.498 5.176
5530 124.0 8.986 6.425
5540 124.0 9.537 5.296
5550 124.0 7.622 5.688
5560 124.0 7.995 5.598
5570 124.0 8.358 5.677
5400 96.0 5.324 5.492
5410 96.0 5.053 5.573
5420 96.0 4.782 5.654
5430 96.0 4.510 5.735
5440 96.0 4.263 5.796
5450 96.0 4.108 5.780
5460 96.0 3.954 5.764
5470 96.0 3.800 5.749
5480 96.0 3.465 5.773
5490 96.0 3.680 6.160
5500 96.0 3.541 6.181
5510 96.0 2.984 6.225
5520 96.0 2.805 6.566
5530 96.0 1.531 6.493
5540 96.0 1.953 6.527
5550 96.0 1.427 7.236
5560 96.0 1.566 7.141
5570 96.0 0.250 7.361
5580 96.0 0.123 7.310
5590 96.0 0.146 6.718
5410 126.0 14.920 3.331
5420 126.0 14.476 3.467
5430 126.0 14.033 3.604
5440 126.0 13.604 3.736
5450 126.0 13.210 3.859
5460 126.0 12.817 3.983
5470 126.0 12.420 4.099
5480 126.0 12.011 4.188
5490 126.0 12.265 4.569
5500 126.0 11.631 4.430
5510 126.0 11.390 4.508
5520 126.0 11.719 4.824
5530 126.0 9.740 5.479
5540 126.0 10.914 5.211
5550 126.0 9.990 5.569
5560 126.0 9.209 5.401
5570 126.0 8.910 5.105
5580 126.0 8.939 5.704
5590 126.0 8.099 5.971
5600 126.0 7.576 6.161
5420 127.0 14.768 4.157
5430 127.0 14.334 4.262
5440 127.0 13.900 4.366
5450 127.0 13.477 4.465
5460 127.0 13.079 4.551
5470 127.0 12.682 4.637
5480 127.0 12.284 4.724
5490 127.0 11.882 4.820
5500 127.0 11.920 4.758
5510 127.0 11.111 5.170
5520 127.0 11.471 5.253
5530 127.0 9.966 5.599
5540 127.0 10.143 6.199
5550 127.0 9.476 6.627
5560 127.0 9.358 6.589
5570 127.0 8.612 6.954
5580 127.0 7.576 7.216
5590 127.0 7.270 8.340
5600 127.0 7.148 7.973
5610 127.0 5.951 8.590
5430 99.0 5.566 7.165
5440 99.0 5.376 7.199
5450 99.0 5.186 7.234
5460 99.0 4.971 7.279
5470 99.0 4.719 7.339
5480 99.0 4.466 7.398
5490 99.0 4.214 7.458
5500 99.0 3.936 7.510
5510 99.0 3.556 7.880
5520 99.0 3.224 7.778
5530 99.0 2.937 7.782
5540 99.0 2.809 8.265
5550 99.0 2.391 7.988
5560 99.0 2.284 8.130
5570 99.0 2.045 8.457
5580 99.0 0.673 9.026
5590 99.0 0.555 8.090
5600 99.0 0.695 8.185
5610 99.0 -0.399 8.982
5620 99.0 -0.311 9.260
5430 129.0 0.316 2.630
5440 129.0 0.846 2.653
5450 129.0 1.375 2.676
5460 129.0 1.904 2.697
5470 129.0 2.425 2.697
5480 129.0 2.947 2.697
5490 129.0 3.468 2.697
5500 129.0 3.989 2.697
5510 129.0 3.350 2.523
5520 129.0 3.036 2.912
5530 129.0 2.680 3.203
5540 129.0 2.894 3.243
5550 129.0 2.963 2.798
5560 129.0 3.085 2.838
5570 129.0 3.822 2.647
5580 129.0 3.841 2.512
5590 129.0 3.674 3.288
5600 129.0 4.362 2.715
5610 129.0 4.216 2.984
5620 129.0 3.048 3.290
5430 130.0 0.316 3.580
5440 130.0 0.807 3.553
5450 130.0 1.298 3.527
5460 130.0 1.789 3.500
5470 130.0 2.273 3.479
5480 130.0 2.747 3.466
5490 130.0 3.220 3.453
5500 130.0 3.694 3.439
5510 130.0 3.578 3.016
5520 130.0 4.026 2.507
5530 130.0 4.176 2.627
5540 130.0 4.390 2.345
5550 130.0 3.773 2.380
5560 130.0 4.968 2.538
5570 130.0 4.448 1.752
5580 130.0 6.081 1.288
5590 130.0 5.251 1.879
5600 130.0 6.030 1.847
5610 130.0 5.776 1.843
5620 130.0 5.056 2.251
5440 102.0 5.144 6.550
5450 102.0 4.944 6.613
5460 102.0 4.714 6.629
5470 102.0 4.485 6.645
5480 102.0 4.255 6.661
5490 102.0 4.026 6.678
5500 102.0 3.767 6.700
5510 102.0 3.495 6.725
5520 102.0 3.667 7.141
5530 102.0 3.928 6.808
5540 102.0 3.936 6.861
5550 102.0 3.870 7.142
5560 102.0 3.397 7.275
5570 102.0 3.397 7.202
5580 102.0 3.037 7.460
5590 102.0 3.009 7.871
5600 102.0 3.301 7.576
5610 102.0 2.476 8.244
5620 102.0 2.328 8.429
5630 102.0 0.999 9.020
5540 118.0 12.211 7.818
5550 118.0 12.221 7.494
5560 118.0 12.231 7.170
5570 118.0 12.241 6.846
5580 118.0 12.219 6.551
5590 118.0 12.067 6.369
5600 118.0 11.916 6.188
5610 118.0 11.576 6.076
5620 118.0 12.204 5.588
5630 118.0 12.219 4.516
5640 118.0 12.194 5.101
5650 118.0 12.419 4.235
5660 118.0 12.159 3.795
5670 118.0 12.478 2.912
5680 118.0 11.995 2.429
5690 118.0 12.083 2.236
5700 118.0 12.024 1.197
5710 118.0 12.232 1.246
5720 118.0 12.078 0.966
5730 118.0 11.977 1.106
5570 121.0 6.791 5.064
5580 121.0 6.448 5.020
5590 121.0 6.099 4.983
5600 121.0 5.749 4.945
5610 121.0 5.400 4.907
5620 121.0 5.051 4.869
5630 121.0 4.715 4.901
5640 121.0 4.379 4.933
5650 121.0 4.713 5.093
5660 121.0 4.208 5.669
5670 121.0 3.526 6.046
5680 121.0 3.798 5.616
5690 121.0 3.434 5.729
5700 121.0 3.199 5.714
5710 121.0 2.537 5.869
5720 121.0 1.679 6.204
5730 121.0 2.571 5.872
5740 121.0 2.363 6.469
5750 121.0 1.713 5.898
5760 121.0 1.837 6.110
5570 123.0 7.006 4.334
5580 123.0 6.667 4.255
5590 123.0 6.320 4.126
5600 123.0 5.973 3.997
5610 123.0 5.626 3.868
5620 123.0 5.263 3.755
5630 123.0 4.896 3.646
5640 123.0 4.529 3.537
5650 123.0 5.365 4.316
5660 123.0 5.334 4.649
5670 123.0 5.103 4.433
5680 123.0 4.752 4.679
5690 123.0 4.874 4.677
5700 123.0 4.149 4.706
5710 123.0 3.985 4.950
5720 123.0 3.411 5.504
5730 123.0 2.907 5.747
5740 123.0 3.226 5.847
5750 123.0 2.857 6.126
5760 123.0 2.207 6.014
5580 125.0 7.044 4.940
5590 125.0 6.712 4.940
5600 125.0 6.405 4.894
5610 125.0 6.125 4.803
5620 125.0 5.844 4.711
5630 125.0 5.563 4.619
5640 125.0 5.193 4.511
5650 125.0 4.763 4.391
5660 125.0 5.793 4.486
5670 125.0 5.911 4.331
5680 125.0 5.618 4.049
5690 125.0 5.814 3.959
5700 125.0 5.562 4.078
5710 125.0 5.398 4.140
5720 125.0 5.229 4.293
5730 125.0 5.169 4.883
5740 125.0 5.474 4.627
5750 125.0 5.263 5.197
5760 125.0 4.892 5.284
5770 125.0 4.781 5.607
5620 128.0 6.307 6.732
5630 128.0 5.838 6.784
5640 128.0 5.369 6.827
5650 128.0 4.899 6.870
5660 128.0 4.429 6.913
5670 128.0 3.999 6.930
5680 128.0 3.578 6.941
5690 128.0 3.157 6.952
5700 128.0 4.177 7.015
5710 128.0 3.652 7.057
5720 128.0 2.489 7.770
5730 128.0 1.955 7.793
5740 128.0 2.066 8.199
5750 128.0 0.082 8.013
5760 128.0 0.832 6.974
5770 128.0 -0.170 7.983
5780 128.0 0.182 7.423
5790 128.0 0.239 7.236
5800 128.0 0.519 6.982
5810 128.0 0.360 6.883
5710 131.0 14.964 2.530
5720 131.0 14.486 2.631
5730 131.0 14.008 2.732
5740 131.0 13.529 2.834
5750 131.0 13.062 2.860
5760 131.0 12.600 2.855
5770 131.0 12.138 2.850
5780 131.0 11.676 2.845
5790 131.0 12.011 3.388
5800 131.0 11.595 3.192
5810 131.0 11.591 3.866
5820 131.0 11.319 3.413
5830 131.0 10.174 4.135
5840 131.0 10.306 3.589
5850 131.0 9.603 4.428
5860 131.0 9.074 3.526
5870 131.0 8.324 4.286
5880 131.0 7.735 5.581
5890 131.0 7.193 5.523
5900 131.0 6.784 5.570
5740 119.0 6.765 7.013
5750 119.0 6.391 6.993
5760 119.0 6.017 6.973
5770 119.0 5.643 6.953
5780 119.0 5.285 6.948
5790 119.0 4.937 6.954
5800 119.0 4.590 6.959
5810 119.0 4.242 6.965
5820 119.0 3.769 7.600
5830 119.0 4.211 7.395
5840 119.0 3.678 7.555
5850 119.0 2.938 7.849
5860 119.0 3.057 8.530
5870 119.0 3.235 7.871
5880 119.0 1.164 7.881
5890 119.0 2.125 8.646
5900 119.0 0.914 8.465
5910 119.0 1.967 8.352
5920 119.0 1.182 8.627
5930 119.0 1.433 8.355
5860 132.0 0.479 5.797
5870 132.0 0.888 5.790
5880 132.0 1.297 5.783
5890 132.0 1.706 5.776
5900 132.0 2.105 5.744
5910 132.0 2.503 5.710
5920 132.0 2.901 5.675
5930 132.0 3.299 5.640
5940 132.0 2.881 5.160
5950 132.0 3.481 4.848
5960 132.0 3.287 5.249
5970 132.0 3.360 5.234
5980 132.0 3.942 5.023
5990 132.0 3.809 5.374
6000 132.0 4.192 5.256
6010 132.0 4.921 4.956
6020 132.0 4.405 4.785
6030 132.0 4.475 5.131
6040 132.0 5.482 5.145
6050 132.0 6.004 5.419
5860 133.0 0.262 4.935
5870 133.0 0.623 4.911
5880 133.0 0.985 4.886
5890 133.0 1.346 4.862
5900 133.0 1.733 4.833
5910 133.0 2.178 4.795
5920 133.0 2.623 4.757
5930 133.0 3.068 4.719
5940 133.0 2.890 4.908
5950 133.0 2.895 4.595
5960 133.0 2.893 5.211
5970 133.0 3.274 5.050
5980 133.0 3.413 5.014
5990 133.0 3.652 5.083
6000 133.0 3.492 4.998
6010 133.0 4.054 4.554
6020 133.0 3.942 4.460
6030 133.0 4.457 4.831
6040 133.0 4.721 4.489
6050 133.0 4.868 4.751
5920 134.0 14.562 3.954
5930 134.0 13.843 3.939
5940 134.0 13.123 3.923
5950 134.0 12.416 3.866
5960 134.0 11.730 3.747
5970 134.0 11.043 3.628
5980 134.0 10.356 3.508
5990 134.0 9.645 3.433
6000 134.0 9.990 4.665
6010 134.0 10.815 4.373
6020 134.0 10.317 4.178
6030 134.0 10.327 3.689
6040 134.0 10.085 3.351
6050 134.0 10.433 3.887
6060 134.0 10.316 3.363
6070 134.0 9.600 3.789
6080 134.0 8.592 4.485
6090 134.0 8.073 4.793
6100 134.0 9.136 4.431
6110 134.0 8.321 4.373
5980 135.0 14.685 3.531
5990 135.0 13.875 3.625
6000 135.0 13.065 3.720
6010 135.0 12.281 3.785
6020 135.0 11.597 3.739
6030 135.0 10.913 3.693
6040 135.0 10.229 3.646
6050 135.0 9.537 3.642
6060 135.0 10.498 3.246
6070 135.0 9.412 3.724
6080 135.0 9.107 3.810
6090 135.0 9.099 4.095
6100 135.0 10.397 2.819
6110 135.0 9.963 4.167
6120 135.0 10.001 4.026
6130 135.0 10.135 3.651
6140 135.0 9.397 3.984
6150 135.0 9.617 3.773
6160 135.0 8.130 3.476
6170 135.0 9.461 3.895
6070 136.0 0.132 7.060
6080 136.0 0.500 6.864
6090 136.0 0.868 6.668
6100 136.0 1.250 6.468
6110 136.0 1.749 6.236
6120 136.0 2.248 6.005
6130 136.0 2.747 5.773
6140 136.0 3.246 5.654
6150 136.0 2.532 6.073
6160 136.0 2.539 5.499
6170 136.0 3.087 5.478
6180 136.0 3.555 5.291
6190 136.0 3.783 4.881
6200 136.0 4.708 4.486
6210 136.0 5.711 4.201
6220 136.0 6.020 3.776
6230 136.0 5.373 4.831
6240 136.0 6.285 4.621
6250 136.0 6.908 3.963
6260 136.0 8.429 2.438
6070 137.0 0.363 8.044
6080 137.0 0.730 7.796
6090 137.0 1.096 7.549
6100 137.0 1.477 7.317
6110 137.0 1.916 7.149
6120 137.0 2.356 6.980
6130 137.0 2.795 6.812
6140 137.0 3.279 6.687
6150 137.0 3.733 6.193
6160 137.0 3.807 6.489
6170 137.0 4.153 6.142
6180 137.0 4.967 5.967
6190 137.0 4.771 5.830
6200 137.0 5.392 5.248
6210 137.0 5.088 5.913
6220 137.0 4.605 6.133
6230 137.0 6.869 4.407
6240 137.0 5.559 6.094
6250 137.0 6.271 5.126
6260 137.0 7.176 5.118
6130 138.0 15.153 4.063
6140 138.0 14.522 4.155
6150 138.0 13.891 4.246
6160 138.0 13.262 4.316
6170 138.0 12.641 4.297
6180 138.0 12.021 4.278
6190 138.0 11.400 4.259
6200 138.0 10.772 4.242
6210 138.0 11.194 4.600
6220 138.0 10.970 4.719
6230 138.0 9.656 5.071
6240 138.0 9.984 4.851
6250 138.0 10.887 5.346
6260 138.0 9.872 5.504
6270 138.0 7.628 5.433
6280 138.0 7.938 5.578
6290 138.0 8.237 5.570
6300 138.0 8.956 4.934
6310 138.0 8.126 4.478
6320 138.0 8.843 5.086
6140 139.0 14.785 3.214
6150 139.0 14.125 3.254
6160 139.0 13.466 3.294
6170 139.0 12.817 3.324
6180 139.0 12.186 3.341
6190 139.0 11.555 3.357
6200 139.0 10.923 3.374
6210 139.0 10.293 3.390
6220 139.0 10.811 2.875
6230 139.0 9.996 3.102
6240 139.0 8.692 3.258
6250 139.0 8.925 4.628
6260 139.0 8.711 4.693
6270 139.0 9.064 3.703
6280 139.0 8.938 4.717
6290 139.0 7.554 4.163
6300 139.0 8.177 4.153
6310 139.0 9.515 3.996
6320 139.0 9.273 5.429
6330 139.0 8.044 4.599
6280 140.0 0.142 2.481
6290 140.0 0.721 2.466
6300 140.0 1.300 2.451
6310 140.0 1.878 2.436
6320 140.0 2.412 2.452
6330 140.0 2.940 2.471
6340 140.0 3.468 2.491
6350 140.0 3.997 2.510
6360 140.0 3.788 2.429
6370 140.0 3.617 2.580
6380 140.0 4.754 2.159
6390 140.0 3.580 2.995
6400 140.0 3.359 2.205
6410 140.0 4.353 2.704
6420 140.0 3.676 1.845
6430 140.0 4.158 1.910
6440 140.0 4.575 1.715
6450 140.0 5.485 2.181
6460 140.0 5.708 2.022
6470 140.0 5.411 1.461
6290 141.0 0.223 3.078
6300 141.0 0.766 3.070
6310 141.0 1.309 3.062
6320 141.0 1.852 3.055
6330 141.0 2.406 3.089
6340 141.0 2.960 3.123
6350 141.0 3.514 3.157
6360 141.0 4.069 3.191
6370 141.0 2.695 3.291
6380 141.0 3.210 2.677
6390 141.0 2.869 2.818
6400 141.0 3.883 2.162
6410 141.0 4.430 2.537
6420 141.0 4.507 2.724
6430 141.0 4.017 2.292
6440 141.0 4.052 2.541
6450 141.0 5.015 2.397
6460 141.0 4.364 2.720
6470 141.0 5.618 2.057
6480 141.0 5.603 2.232
6400 142.0 0.448 3.413
6410 142.0 0.937 3.413
6420 142.0 1.426 3.413
6430 142.0 1.920 3.417
6440 142.0 2.425 3.431
6450 142.0 2.931 3.445
6460 142.0 3.436 3.459
6470 142.0 3.942 3.473
6480 142.0 2.927 3.341
6490 142.0 3.034 3.416
6500 142.0 3.661 3.020
6510 142.0 3.796 2.767
6520 142.0 3.494 3.044
6530 142.0 3.659 3.023
6540 142.0 4.144 2.864
6550 142.0 4.633 2.842
6560 142.0 5.045 3.039
6570 142.0 5.202 2.462
6580 142.0 5.877 3.131
6590 142.0 5.336 3.381
6400 143.0 0.399 2.562
6410 143.0 0.919 2.606
6420 143.0 1.440 2.650
6430 143.0 1.961 2.694
6440 143.0 2.475 2.724
6450 143.0 2.981 2.734
6460 143.0 3.487 2.743
6470 143.0 3.993 2.752
6480 143.0 3.246 2.464
6490 143.0 3.385 2.534
6500 143.0 4.305 2.318
6510 143.0 4.531 2.549
6520 143.0 4.022 2.635
6530 143.0 4.553 2.880
6540 143.0 4.936 2.665
6550 143.0 4.931 2.147
6560 143.0 5.090 2.599
6570 143.0 4.738 2.717
6580 143.0 4.056 3.202
6590 143.0 4.614 3.558
6480 144.0 14.943 5.274
6490 144.0 14.486 5.414
6500 144.0 14.029 5.554
6510 144.0 13.577 5.682
6520 144.0 13.176 5.705
6530 144.0 12.775 5.727
6540 144.0 12.373 5.750
6550 144.0 12.144 5.731
6560 144.0 12.345 6.242
6570 144.0 12.049 6.359
6580 144.0 12.240 5.995
6590 144.0 11.537 6.131
6600 144.0 11.432 6.450
6610 144.0 11.093 6.727
6620 144.0 10.047 6.982
6630 144.0 9.999 7.044
6640 144.0 9.496 7.590
6650 144.0 8.773 7.969
6660 144.0 8.527 8.086
6670 144.0 7.777 8.565
6510 145.0 14.877 4.441
6520 145.0 14.449 4.624
6530 145.0 14.021 4.807
6540 145.0 13.558 4.905
6550 145.0 13.041 4.876
6560 145.0 12.525 4.847
6570 145.0 12.013 4.817
6580 145.0 11.549 4.781
6590 145.0 11.483 4.756
6600 145.0 10.197 5.064
6610 145.0 9.456 4.964
6620 145.0 9.885 5.290
6630 145.0 9.506 4.483
6640 145.0 9.049 5.409
6650 145.0 9.723 4.082
6660 145.0 8.118 4.914
6670 145.0 7.948 5.822
6680 145.0 9.578 5.479
6690 145.0 9.613 4.986
6700 145.0 10.271 5.025
6520 146.0 15.009 5.192
6530 146.0 14.615 5.323
6540 146.0 14.221 5.454
6550 146.0 13.828 5.585
6560 146.0 13.386 5.569
6570 146.0 12.944 5.553
6580 146.0 12.502 5.537
6590 146.0 11.968 5.494
6600 146.0 12.219 6.123
6610 146.0 11.794 5.908
6620 146.0 11.641 6.000
6630 146.0 9.902 6.273
6640 146.0 9.088 6.082
6650 146.0 10.191 6.883
6660 146.0 9.866 6.353
6670 146.0 8.665 6.478
6680 146.0 9.022 7.275
6690 146.0 8.802 6.813
6700 146.0 9.335 6.019
6710 146.0 7.559 7.790
6530 147.0 0.316 6.229
6540 147.0 0.751 6.180
6550 147.0 1.187 6.130
6560 147.0 1.624 6.082
6570 147.0 2.079 6.050
6580 147.0 2.534 6.018
6590 147.0 2.989 5.986
6600 147.0 3.445 5.966
6610 147.0 3.387 6.285
6620 147.0 4.083 5.931
6630 147.0 3.934 6.208
6640 147.0 4.034 5.833
6650 147.0 4.289 5.913
6660 147.0 4.605 5.368
6670 147.0 5.870 5.868
6680 147.0 4.514 6.447
6690 147.0 5.142 6.484
6700 147.0 3.952 7.356
6710 147.0 3.766 6.560
6720 147.0 4.819 6.036
6530 148.0 0.210 6.945
6540 148.0 0.760 6.924
6550 148.0 1.308 6.903
6560 148.0 1.827 6.864
6570 148.0 2.332 6.816
6580 148.0 2.837 6.768
6590 148.0 3.293 6.749
6600 148.0 3.726 6.741
6610 148.0 3.071 6.654
6620 148.0 4.336 6.699
6630 148.0 4.794 6.358
6640 148.0 3.933 6.937
6650 148.0 4.181 7.108
6660 148.0 4.368 6.768
6670 148.0 5.056 7.190
6680 148.0 4.801 7.175
6690 148.0 4.988 6.780
6700 148.0 5.299 7.363
6710 148.0 5.370 6.880
6720 148.0 5.164 6.826
6530 149.0 0.274 3.675
6540 149.0 0.695 3.729
6550 149.0 1.115 3.783
6560 149.0 1.536 3.836
6570 149.0 1.957 3.890
6580 149.0 2.384 3.965
6590 149.0 2.811 4.040
6600 149.0 3.238 4.115
6610 149.0 3.525 3.846
6620 149.0 2.946 4.225
6630 149.0 3.345 4.033
6640 149.0 3.450 4.258
6650 149.0 4.615 3.897
6660 149.0 5.012 3.573
6670 149.0 4.637 4.497
6680 149.0 5.013 4.018
6690 149.0 4.610 3.604
6700 149.0 3.954 4.011
6710 149.0 4.738 3.487
6720 149.0 5.813 3.377
6600 150.0 0.527 4.677
6610 150.0 0.953 4.671
6620 150.0 1.379 4.665
6630 150.0 1.805 4.659
6640 150.0 2.234 4.649
6650 150.0 2.687 4.600
6660 150.0 3.141 4.551
6670 150.0 3.594 4.502
6680 150.0 3.614 4.667
6690 150.0 3.265 4.391
6700 150.0 3.025 4.987
6710 150.0 2.721 4.779
6720 150.0 3.171 4.845
6730 150.0 3.087 5.165
6740 150.0 2.961 5.254
6750 150.0 3.682 5.181
6760 150.0 3.813 5.250
6770 150.0 3.437 4.946
6780 150.0 3.424 5.660
6790 150.0 4.392 4.917
6610 151.0 0.556 3.836
6620 151.0 0.996 3.871
6630 151.0 1.436 3.906
6640 151.0 1.878 3.933
6650 151.0 2.345 3.887
6660 151.0 2.812 3.840
6670 151.0 3.279 3.793
6680 151.0 3.746 3.747
6690 151.0 3.996 3.983
6700 151.0 4.502 3.591
6710 151.0 4.595 3.508
6720 151.0 4.398 3.876
6730 151.0 4.417 4.067
6740 151.0 5.360 3.644
6750 151.0 4.743 3.761
6760 151.0 5.298 4.333
6770 151.0 4.931 3.606
6780 151.0 6.041 3.178
6790 151.0 4.085 4.369
6800 151.0 4.495 3.754
6770 152.0 14.987 3.722
6780 152.0 14.372 3.713
6790 152.0 13.758 3.703
6800 152.0 13.162 3.536
6810 152.0 12.578 3.265
6820 152.0 12.021 3.051
6830 152.0 11.505 2.920
6840 152.0 10.971 2.808
6850 152.0 12.435 3.124
6860 152.0 11.999 3.535
6870 152.0 10.420 3.384
6880 152.0 11.512 4.177
6890 152.0 10.505 4.352
6900 152.0 9.329 3.554
6910 152.0 8.648 3.937
6920 152.0 10.282 3.796
6930 152.0 9.795 4.018
6940 152.0 9.149 4.384
6950 152.0 9.085 4.389
6960 152.0 8.167 5.743
6810 153.0 0.708 3.954
6820 153.0 0.965 4.006
6830 153.0 1.221 4.058
6840 153.0 1.496 4.106
6850 153.0 1.930 4.113
6860 153.0 2.365 4.121
6870 153.0 2.799 4.129
6880 153.0 3.220 4.141
6890 153.0 2.764 3.936
6900 153.0 2.062 3.925
6910 153.0 3.055 3.887
6920 153.0 3.071 3.967
6930 153.0 2.702 3.530
6940 153.0 3.449 3.520
6950 153.0 3.573 3.461
6960 153.0 3.092 3.689
6970 153.0 2.813 3.602
6980 153.0 3.976 3.431
6990 153.0 4.071 3.422
7000 153.0 4.765 3.594
6810 154.0 0.160 3.225
6820 154.0 0.548 3.217
6830 154.0 0.937 3.210
6840 154.0 1.325 3.203
6850 154.0 1.762 3.196
6860 154.0 2.275 3.189
6870 154.0 2.788 3.183
6880 154.0 3.301 3.177
6890 154.0 2.301 3.027
6900 154.0 1.824 2.750
6910 154.0 1.969 3.121
6920 154.0 2.577 2.504
6930 154.0 2.885 2.565
6940 154.0 3.214 2.777
6950 154.0 3.633 2.972
6960 154.0 3.152 3.293
6970 154.0 3.642 2.774
6980 154.0 4.401 3.076
6990 154.0 5.073 2.722
7000 154.0 3.889 2.611
6980 155.0 0.232 3.174
6990 155.0 0.737 3.346
7000 155.0 1.242 3.518
7010 155.0 1.743 3.671
7020 155.0 2.241 3.807
7030 155.0 2.740 3.942
7040 155.0 3.241 4.049
7050 155.0 3.744 4.129
7060 155.0 2.845 3.986
7070 155.0 3.418 3.755
7080 155.0 3.220 3.603
7090 155.0 3.748 3.619
7100 155.0 4.251 3.269
7110 155.0 4.972 3.565
7120 155.0 4.835 3.364
7130 155.0 4.423 2.955
7140 155.0 4.335 3.603
7150 155.0 4.720 3.795
7160 155.0 5.278 3.384
7170 155.0 4.297 4.355
6980 156.0 -0.050 4.267
6990 156.0 0.496 4.399
7000 156.0 1.041 4.532
7010 156.0 1.587 4.664
7020 156.0 2.103 4.749
7030 156.0 2.615 4.829
7040 156.0 3.127 4.909
7050 156.0 3.660 4.984
7060 156.0 2.060 4.935
7070 156.0 2.274 4.177
7080 156.0 2.447 4.161
7090 156.0 2.161 4.322
7100 156.0 3.030 4.283
7110 156.0 2.856 4.103
7120 156.0 2.843 4.322
7130 156.0 2.377 4.944
7140 156.0 2.957 4.912
7150 156.0 2.048 4.612
7160 156.0 2.395 3.785
7170 156.0 2.527 4.120
7010 157.0 0.404 3.908
7020 157.0 0.908 3.965
7030 157.0 1.411 4.023
7040 157.0 1.915 4.081
7050 157.0 2.422 4.204
7060 157.0 2.930 4.326
7070 157.0 3.437 4.448
7080 157.0 3.949 4.566
7090 157.0 4.049 4.213
7100 157.0 2.793 4.555
7110 157.0 3.161 4.757
7120 157.0 3.521 4.854
7130 157.0 4.227 4.565
7140 157.0 3.140 4.243
7150 157.0 3.359 4.406
7160 157.0 4.129 4.659
7170 157.0 3.733 4.129
7180 157.0 4.109 4.286
7190 157.0 3.626 4.361
7200 157.0 6.015 4.638
7010 158.0 0.149 3.286
7020 158.0 0.705 3.311
7030 158.0 1.261 3.337
7040 158.0 1.818 3.362
7050 158.0 2.347 3.477
7060 158.0 2.873 3.602
7070 158.0 3.399 3.727
7080 158.0 3.925 3.852
7090 158.0 3.364 3.271
7100 158.0 3.718 2.909
7110 158.0 3.735 2.964
7120 158.0 3.650 2.736
7130 158.0 3.898 3.396
7140 158.0 3.610 3.709
7150 158.0 4.353 3.644
7160 158.0 4.581 3.756
7170 158.0 5.413 3.110
7180 158.0 5.278 3.551
7190 158.0 4.701 3.691
7200 158.0 5.425 3.179
7300 159.0 14.989 5.582
7310 159.0 14.695 5.590
7320 159.0 14.400 5.598
7330 159.0 14.105 5.606
7340 159.0 13.802 5.609
7350 159.0 13.495 5.609
7360 159.0 13.188 5.609
7370 159.0 12.880 5.609
7380 159.0 13.171 5.535
7390 159.0 13.181 6.184
7400 159.0 12.620 6.305
7410 159.0 12.365 6.230
7420 159.0 11.521 6.651
7430 159.0 11.267 6.619
7440 159.0 10.789 7.332
7450 159.0 10.938 7.297
7460 159.0 9.556 8.029
7470 159.0 10.046 7.169
7480 159.0 9.734 7.145
7490 159.0 8.498 8.043
7330 161.0 14.770 3.062
7340 161.0 14.326 3.214
7350 161.0 13.881 3.367
7360 161.0 13.437 3.519
7370 161.0 12.994 3.554
7380 161.0 12.551 3.511
7390 161.0 12.109 3.468
7400 161.0 11.666 3.426
7410 161.0 11.397 4.911
7420 161.0 11.209 4.574
7430 161.0 10.866 4.590
7440 161.0 10.241 4.837
7450 161.0 9.882 5.029
7460 161.0 9.933 4.162
7470 161.0 9.772 5.040
7480 161.0 9.687 4.765
7490 161.0 8.213 4.585
7500 161.0 7.789 5.326
7510 161.0 8.682 5.606
7520 161.0 8.535 6.024
7330 164.0 14.998 5.396
7340 164.0 14.651 5.331
7350 164.0 14.304 5.267
7360 164.0 13.957 5.202
7370 164.0 13.610 5.138
7380 164.0 13.157 5.131
7390 164.0 12.691 5.131
7400 164.0 12.227 5.131
7410 164.0 12.878 5.719
7420 164.0 12.469 5.516
7430 164.0 12.722 6.260
7440 164.0 12.404 6.393
7450 164.0 12.119 6.631
7460 164.0 11.368 6.585
7470 164.0 10.180 7.336
7480 164.0 10.750 6.982
7490 164.0 9.527 7.838
7500 164.0 10.078 7.469
7510 164.0 8.858 7.629
7520 164.0 9.615 6.944
7340 163.0 14.671 4.590
7350 163.0 14.306 4.551
7360 163.0 13.941 4.511
7370 163.0 13.548 4.480
7380 163.0 13.112 4.462
7390 163.0 12.675 4.445
7400 163.0 12.239 4.427
7410 163.0 11.804 4.403
7420 163.0 11.600 4.838
7430 163.0 12.015 4.721
7440 163.0 11.366 4.777
7450 163.0 10.751 4.637
7460 163.0 10.332 4.839
7470 163.0 10.376 4.994
7480 163.0 11.074 4.625
7490 163.0 9.899 4.615
7500 163.0 7.844 5.048
7510 163.0 9.209 5.269
7520 163.0 8.384 4.745
7530 163.0 7.990 5.004
7360 166.0 14.922 4.177
7370 166.0 14.444 4.009
7380 166.0 13.966 3.841
7390 166.0 13.488 3.673
7400 166.0 12.996 3.528
7410 166.0 12.470 3.435
7420 166.0 11.944 3.343
7430 166.0 11.418 3.250
7440 166.0 12.068 3.788
7450 166.0 11.792 3.583
7460 166.0 11.399 3.949
7470 166.0 11.542 4.011
7480 166.0 10.992 3.805
7490 166.0 10.093 4.299
7500 166.0 10.135 3.819
7510 166.0 11.156 4.275
7520 166.0 10.248 3.499
7530 166.0 9.932 3.870
7540 166.0 9.737 3.333
7550 166.0 9.819 3.907
7500 160.0 7.698 6.161
7510 160.0 7.251 6.227
7520 160.0 6.832 6.291
7530 160.0 6.433 6.353
7540 160.0 6.035 6.416
7550 160.0 5.636 6.479
7560 160.0 5.259 6.527
7570 160.0 4.887 6.571
7580 160.0 4.133 6.976
7590 160.0 4.590 7.634
7600 160.0 4.142 7.562
7610 160.0 3.758 7.053
7620 160.0 2.434 7.182
7630 160.0 1.184 9.031
7640 160.0 1.790 7.584
7650 160.0 2.389 7.469
7660 160.0 1.039 8.325
7670 160.0 1.131 8.338
7680 160.0 0.797 8.146
7690 160.0 0.640 8.600
7500 167.0 15.006 4.224
7510 167.0 14.480 4.296
7520 167.0 13.954 4.367
7530 167.0 13.428 4.439
7540 167.0 12.852 4.474
7550 167.0 12.276 4.509
7560 167.0 11.701 4.544
7570 167.0 11.186 4.582
7580 167.0 11.945 4.295
7590 167.0 11.626 4.994
7600 167.0 11.648 4.799
7610 167.0 11.242 5.313
7620 167.0 10.637 4.950
7630 167.0 9.313 6.026
7640 167.0 9.657 6.340
7650 167.0 8.855 6.301
7660 167.0 8.725 7.292
7670 167.0 9.484 7.086
7680 167.0 7.717 7.607
7690 167.0 7.686 7.278
7530 162.0 6.101 3.553
7540 162.0 5.704 3.580
7550 162.0 5.333 3.684
7560 162.0 4.962 3.788
7570 162.0 4.592 3.891
7580 162.0 4.221 3.995
7590 162.0 3.884 4.129
7600 162.0 3.597 4.308
7610 162.0 4.036 4.730
7620 162.0 3.443 4.906
7630 162.0 3.314 5.334
7640 162.0 2.725 5.436
7650 162.0 2.799 5.133
7660 162.0 1.596 5.563
7670 162.0 1.647 6.146
7680 162.0 1.129 6.359
7690 162.0 0.828 6.676
7700 162.0 0.090 7.236
7710 162.0 -1.094 7.761
7720 162.0 -0.535 7.478
7530 165.0 6.677 5.614
7540 165.0 6.325 5.692
7550 165.0 5.973 5.770
7560 165.0 5.620 5.848
7570 165.0 5.263 5.922
7580 165.0 4.860 5.951
7590 165.0 4.456 5.980
7600 165.0 4.052 6.009
7610 165.0 3.681 6.511
7620 165.0 4.441 6.031
7630 165.0 4.119 6.700
7640 165.0 3.796 6.551
7650 165.0 3.616 6.720
7660 165.0 3.854 7.024
7670 165.0 3.016 7.405
7680 165.0 3.021 7.295
7690 165.0 2.359 7.946
7700 165.0 2.496 8.125
7710 165.0 2.531 7.890
7720 165.0 1.729 8.255
7630 168.0 0.081 3.313
7640 168.0 0.583 3.327
7650 168.0 1.084 3.341
7660 168.0 1.585 3.355
7670 168.0 2.103 3.374
7680 168.0 2.659 3.402
7690 168.0 3.214 3.431
7700 168.0 3.770 3.460
7710 168.0 2.934 3.261
7720 168.0 3.301 3.805
7730 168.0 2.622 3.905
7740 168.0 3.492 3.313
7750 168.0 3.769 3.192
7760 168.0 3.326 2.967
7770 168.0 3.075 3.463
7780 168.0 3.231 3.768
7790 168.0 3.757 3.392
7800 168.0 4.694 3.613
7810 168.0 4.853 3.809
7820 168.0 4.420 3.480
7670 169.0 15.131 4.621
7680 169.0 14.644 4.651
7690 169.0 14.158 4.681
7700 169.0 13.671 4.710
7710 169.0 13.181 4.691
7720 169.0 12.688 4.623
7730 169.0 12.195 4.555
7740 169.0 11.702 4.487
7750 169.0 11.687 4.873
7760 169.0 11.680 5.132
7770 169.0 11.356 4.991
7780 169.0 10.992 5.036
7790 169.0 10.435 4.897
7800 169.0 11.163 4.455
7810 169.0 9.992 5.047
7820 169.0 9.634 5.116
7830 169.0 10.382 5.027
7840 169.0 9.421 4.246
7850 169.0 9.332 4.707
7860 169.0 8.790 5.062
7700 171.0 14.932 3.519
7710 171.0 14.354 3.571
7720 171.0 13.775 3.623
7730 171.0 13.196 3.675
7740 171.0 12.713 3.731
7750 171.0 12.231 3.788
7760 171.0 11.748 3.844
7770 171.0 11.235 3.894
7780 171.0 11.407 4.248
7790 171.0 11.487 4.015
7800 171.0 11.264 4.343
7810 171.0 10.890 4.717
7820 171.0 10.045 4.807
7830 171.0 10.341 4.401
7840 171.0 9.148 4.928
7850 171.0 8.872 4.883
7860 171.0 7.913 5.860
7870 171.0 7.585 5.856
7880 171.0 8.273 5.293
7890 171.0 8.323 6.137
7760 172.0 0.141 2.857
7770 172.0 0.489 2.893
7780 172.0 0.837 2.930
7790 172.0 1.185 2.967
7800 172.0 1.533 3.004
7810 172.0 1.881 3.040
7820 172.0 2.273 3.062
7830 172.0 2.694 3.073
7840 172.0 3.090 2.373
7850 172.0 2.759 2.492
7860 172.0 3.235 2.692
7870 172.0 3.378 3.169
7880 172.0 3.490 3.599
7890 172.0 3.623 3.214
7900 172.0 3.551 3.642
7910 172.0 3.231 3.321
7920 172.0 3.495 3.916
7930 172.0 3.920 3.029
7940 172.0 4.053 2.816
7950 172.0 4.784 2.742
7770 173.0 -0.049 3.810
7780 173.0 0.390 3.831
7790 173.0 0.829 3.851
7800 173.0 1.268 3.872
7810 173.0 1.704 3.891
7820 173.0 2.111 3.901
7830 173.0 2.519 3.911
7840 173.0 2.927 3.921
7850 173.0 3.877 3.412
7860 173.0 4.004 3.461
7870 173.0 3.942 3.455
7880 173.0 3.829 4.129
7890 173.0 4.125 3.775
7900 173.0 3.343 4.326
7910 173.0 3.563 3.824
7920 173.0 4.756 3.914
7930 173.0 4.934 3.950
7940 173.0 5.037 3.501
7950 173.0 4.655 4.051
7960 173.0 5.562 3.877
7870 170.0 6.528 5.487
7880 170.0 6.087 5.644
7890 170.0 5.646 5.800
7900 170.0 5.228 5.956
7910 170.0 4.818 6.110
7920 170.0 4.408 6.265
7930 170.0 3.999 6.420
7940 170.0 3.612 6.517
7950 170.0 3.394 6.617
7960 170.0 3.026 7.180
7970 170.0 3.433 6.836
7980 170.0 3.412 7.225
7990 170.0 2.253 7.603
8000 170.0 1.037 7.868
8010 170.0 1.075 7.897
8020 170.0 1.153 8.287
8030 170.0 1.221 7.523
8040 170.0 0.622 8.277
8050 170.0 -0.193 8.860
8060 170.0 0.519 8.145
8360 174.0 0.245 3.588
8370 174.0 0.796 3.672
8380 174.0 1.348 3.756
8390 174.0 1.900 3.840
8400 174.0 2.447 3.897
8410 174.0 2.989 3.914
8420 174.0 3.530 3.931
8430 174.0 4.071 3.948
8440 174.0 2.977 3.717
8450 174.0 3.385 3.411
8460 174.0 3.321 3.669
8470 174.0 3.550 3.613
8480 174.0 3.120 4.203
8490 174.0 2.905 3.668
8500 174.0 3.185 3.396
8510 174.0 3.524 3.893
8520 174.0 4.239 3.606
8530 174.0 4.868 3.608
8540 174.0 4.116 3.844
8550 174.0 4.632 3.644
8400 175.0 15.225 6.579
8410 175.0 14.637 6.447
8420 175.0 14.049 6.315
8430 175.0 13.461 6.184
8440 175.0 12.850 6.065
8450 175.0 12.233 5.950
8460 175.0 11.616 5.835
8470 175.0 11.009 5.720
8480 175.0 10.874 7.212
8490 175.0 11.438 6.655
8500 175.0 10.959 7.272
8510 175.0 9.913 6.813
8520 175.0 9.396 6.533
8530 175.0 9.377 7.232
8540 175.0 9.967 6.541
8550 175.0 9.048 7.031
8560 175.0 10.065 7.098
8570 175.0 9.735 7.117
8580 175.0 9.284 7.429
8590 175.0 9.758 7.404
8550 183.0 0.462 8.765
8560 183.0 0.574 8.614
8570 183.0 0.686 8.463
8580 183.0 0.798 8.312
8590 183.0 0.846 8.173
8600 183.0 0.878 8.038
8610 183.0 0.910 7.903
8620 183.0 0.942 7.768
8630 183.0 1.181 7.608
8640 183.0 1.450 7.772
8650 183.0 1.445 7.891
8660 183.0 1.941 7.803
8670 183.0 1.722 7.849
8680 183.0 2.119 7.452
8690 183.0 2.844 7.773
8700 183.0 3.429 7.560
8710 183.0 2.735 7.654
8720 183.0 3.625 7.359
8730 183.0 4.423 7.280
8740 183.0 3.790 7.431
8580 176.0 7.183 -0.375
8590 176.0 6.941 0.305
8600 176.0 6.699 0.986
8610 176.0 6.367 1.865
8620 176.0 6.013 2.795
8630 176.0 5.732 3.166
8640 176.0 5.459 3.476
8650 176.0 5.235 3.767
8660 176.0 5.532 3.971
8670 176.0 5.468 4.205
8680 176.0 4.686 4.559
8690 176.0 5.628 4.792
8700 176.0 4.847 7.300
8710 176.0 4.983 6.495
8720 176.0 5.117 5.038
8730 176.0 4.859 5.211
8740 176.0 5.097 2.771
8750 176.0 5.660 4.714
8760 176.0 4.918 5.655
8770 176.0 4.621 6.926
8600 177.0 7.726 -0.290
8610 177.0 7.610 -0.035
8620 177.0 7.494 0.221
8630 177.0 7.378 0.476
8640 177.0 7.053 0.856
8650 177.0 6.705 1.251
8660 177.0 6.351 1.642
8670 177.0 5.985 2.021
8680 177.0 6.624 1.622
8690 177.0 6.528 1.996
8700 177.0 6.292 1.456
8710 177.0 5.877 1.325
8720 177.0 5.186 2.064
8730 177.0 4.967 2.518
8740 177.0 5.082 2.542
8750 177.0 4.988 3.037
8760 177.0 4.453 3.103
8770 177.0 4.832 3.239
8780 177.0 4.863 2.731
8790 177.0 3.834 3.672
8620 178.0 15.186 4.796
8630 178.0 14.727 4.959
8640 178.0 14.268 5.121
8650 178.0 13.799 5.223
8660 178.0 13.319 5.265
8670 178.0 12.840 5.306
8680 178.0 12.371 5.242
8690 178.0 11.908 5.108
8700 178.0 12.058 4.794
8710 178.0 11.529 5.665
8720 178.0 11.399 5.687
8730 178.0 11.616 4.775
8740 178.0 11.346 5.286
8750 178.0 11.148 4.810
8760 178.0 10.491 4.741
8770 178.0 9.287 5.481
8780 178.0 10.512 4.750
8790 178.0 11.492 4.697
8800 178.0 10.443 4.115
8810 178.0 10.922 3.698
8650 179.0 14.926 4.597
8660 179.0 14.527 4.671
8670 179.0 14.128 4.745
8680 179.0 13.707 4.792
8690 179.0 13.235 4.776
8700 179.0 12.764 4.759
8710 179.0 12.327 4.733
8720 179.0 11.942 4.692
8730 179.0 12.537 5.604
8740 179.0 12.065 5.826
8750 179.0 11.379 5.855
8760 179.0 10.929 6.089
8770 179.0 11.043 6.247
8780 179.0 11.247 6.192
8790 179.0 9.873 6.745
8800 179.0 10.337 6.685
8810 179.0 8.848 6.931
8820 179.0 8.414 6.839
8830 179.0 9.493 7.129
8840 179.0 7.131 8.298
8660 180.0 14.863 2.381
8670 180.0 14.247 2.440
8680 180.0 13.631 2.500
8690 180.0 13.021 2.524
8700 180.0 12.417 2.511
8710 180.0 11.813 2.498
8720 180.0 11.210 2.486
8730 180.0 10.603 2.511
8740 180.0 11.174 2.206
8750 180.0 10.852 2.279
8760 180.0 10.215 2.844
8770 180.0 9.820 2.717
8780 180.0 9.689 2.537
8790 180.0 9.558 2.346
8800 180.0 9.422 1.908
8810 180.0 9.875 2.899
8820 180.0 9.862 2.612
8830 180.0 9.551 1.908
8840 180.0 11.043 2.387
8850 180.0 9.788 2.675
8660 181.0 15.027 3.150
8670 181.0 14.444 3.194
8680 181.0 13.860 3.237
8690 181.0 13.233 3.289
8700 181.0 12.596 3.344
8710 181.0 11.959 3.399
8720 181.0 11.324 3.447
8730 181.0 10.698 3.482
8740 181.0 12.252 2.986
8750 181.0 12.698 3.998
8760 181.0 12.186 3.679
8770 181.0 11.171 3.752
8780 181.0 12.126 4.277
8790 181.0 11.506 4.005
8800 181.0 9.394 3.988
8810 181.0 9.849 4.434
8820 181.0 10.124 4.397
8830 181.0 9.441 4.008
8840 181.0 9.335 3.758
8850 181.0 8.707 4.318
8660 182.0 15.060 5.432
8670 182.0 14.519 5.523
8680 182.0 13.978 5.614
8690 182.0 13.527 5.673
8700 182.0 13.099 5.724
8710 182.0 12.670 5.776
8720 182.0 12.207 5.744
8730 182.0 11.744 5.712
8740 182.0 12.679 5.860
8750 182.0 11.424 6.483
8760 182.0 11.523 6.524
8770 182.0 11.116 6.816
8780 182.0 9.522 7.407
8790 182.0 9.269 7.579
8800 182.0 9.339 7.432
8810 182.0 8.845 7.959
8820 182.0 8.884 8.108
8830 182.0 8.012 8.520
8840 182.0 7.923 8.659
8850 182.0 8.226 8.768
8750 184.0 1.453 6.832
8760 184.0 1.440 6.823
8770 184.0 1.427 6.814
8780 184.0 1.414 6.806
8790 184.0 1.401 6.797
8800 184.0 1.388 6.788
8810 184.0 1.375 6.780
8820 184.0 1.362 6.771
8830 184.0 1.419 6.811
8840 184.0 1.378 6.834
8850 184.0 1.351 6.912
8860 184.0 1.329 6.896
8870 184.0 1.454 6.890
8880 184.0 1.464 6.886
8890 184.0 1.432 6.832
8900 184.0 1.422 6.882
8910 184.0 1.387 6.801
8920 184.0 1.417 6.775
8930 184.0 1.459 6.856
8940 184.0 1.445 6.862
