0 1.0 0.295 8.091
10 1.0 1.031 7.852
20 1.0 1.768 7.613
30 1.0 2.515 7.364
40 1.0 3.279 7.099
50 1.0 4.043 6.834
60 1.0 4.851 6.618
70 1.0 5.677 6.424
80 1.0 5.129 6.707
90 1.0 5.482 5.628
100 1.0 5.952 5.798
110 1.0 7.228 5.521
120 1.0 7.150 6.309
130 1.0 4.559 7.189
140 1.0 5.691 6.523
150 1.0 4.038 7.265
160 1.0 7.446 5.641
170 1.0 6.486 6.604
180 1.0 8.221 5.469
190 1.0 9.835 5.618
10 2.0 0.279 9.989
20 2.0 1.064 9.859
30 2.0 1.848 9.729
40 2.0 2.611 9.567
50 2.0 3.363 9.393
60 2.0 4.112 9.202
70 2.0 4.821 8.857
80 2.0 5.531 8.512
90 2.0 5.829 8.431
100 2.0 5.077 9.210
110 2.0 4.533 9.785
120 2.0 5.836 8.922
130 2.0 4.939 9.118
140 2.0 6.253 9.309
150 2.0 5.264 9.397
160 2.0 8.046 8.531
170 2.0 5.322 10.024
180 2.0 7.525 9.573
190 2.0 5.608 10.417
200 2.0 4.083 9.178
230 4.0 15.294 9.097
240 4.0 14.615 9.162
250 4.0 13.936 9.228
260 4.0 13.240 9.338
270 4.0 12.529 9.495
280 4.0 11.818 9.651
290 4.0 11.139 9.851
300 4.0 10.483 10.080
310 4.0 10.453 10.296
320 4.0 10.315 9.896
330 4.0 10.958 10.241
340 4.0 8.396 10.956
350 4.0 9.539 10.886
360 4.0 8.722 11.160
370 4.0 8.583 11.439
380 4.0 9.847 10.845
390 4.0 9.773 11.264
400 4.0 8.267 12.027
410 4.0 6.466 12.532
420 4.0 7.383 12.016
240 5.0 15.042 8.569
250 5.0 14.351 8.580
260 5.0 13.659 8.592
270 5.0 12.948 8.773
280 5.0 12.237 8.954
290 5.0 11.525 9.134
300 5.0 10.804 9.309
310 5.0 10.084 9.483
320 5.0 11.040 8.781
330 5.0 11.146 9.354
340 5.0 10.747 9.409
350 5.0 10.206 9.649
360 5.0 9.643 10.020
370 5.0 9.501 9.821
380 5.0 9.723 10.078
390 5.0 8.170 9.676
400 5.0 8.389 10.568
410 5.0 8.534 10.026
420 5.0 9.033 9.967
430 5.0 8.776 10.344
500 6.0 15.005 9.014
510 6.0 14.576 8.981
520 6.0 14.148 8.946
530 6.0 13.712 8.922
540 6.0 13.265 8.912
550 6.0 12.817 8.902
560 6.0 12.329 9.004
570 6.0 11.840 9.107
580 6.0 11.751 9.049
590 6.0 11.761 9.686
600 6.0 11.570 9.937
610 6.0 11.182 10.290
620 6.0 9.936 10.784
630 6.0 10.373 10.478
640 6.0 8.918 11.235
650 6.0 8.879 11.622
660 6.0 7.850 11.817
670 6.0 7.741 11.355
680 6.0 8.646 10.177
690 6.0 9.391 11.565
610 7.0 11.282 8.098
620 7.0 10.821 8.258
630 7.0 10.393 8.445
640 7.0 10.014 8.676
650 7.0 9.635 8.907
660 7.0 9.253 9.150
670 7.0 8.865 9.411
680 7.0 8.476 9.672
690 7.0 8.137 9.340
700 7.0 7.964 9.715
710 7.0 7.438 10.049
720 7.0 6.315 10.222
730 7.0 5.519 10.542
740 7.0 6.026 11.206
750 7.0 6.345 10.564
760 7.0 5.107 11.827
770 7.0 4.045 12.229
780 7.0 4.741 11.490
790 7.0 3.532 12.623
800 7.0 5.351 11.845
610 8.0 0.183 11.741
620 8.0 0.780 11.617
630 8.0 1.378 11.493
640 8.0 1.969 11.410
650 8.0 2.557 11.344
660 8.0 3.145 11.278
670 8.0 3.740 11.234
680 8.0 4.338 11.196
690 8.0 3.408 11.415
700 8.0 3.553 11.329
710 8.0 4.116 11.503
720 8.0 4.452 11.591
730 8.0 4.311 11.660
740 8.0 5.317 11.518
750 8.0 5.702 11.523
760 8.0 6.111 11.433
770 8.0 5.305 11.598
780 8.0 4.613 11.912
790 8.0 4.619 11.892
800 8.0 5.723 12.094
680 9.0 15.115 9.127
690 9.0 14.450 9.261
700 9.0 13.785 9.395
710 9.0 13.126 9.534
720 9.0 12.479 9.681
730 9.0 11.831 9.827
740 9.0 11.164 9.893
750 9.0 10.493 9.939
760 9.0 11.284 9.903
770 9.0 10.518 9.747
780 9.0 10.212 9.949
790 9.0 10.056 9.478
800 9.0 10.243 10.255
810 9.0 8.324 9.979
820 9.0 9.486 11.216
830 9.0 9.300 10.632
840 9.0 8.740 11.065
850 9.0 9.472 11.856
860 9.0 8.209 11.308
870 9.0 7.435 12.387
680 10.0 15.159 8.389
690 10.0 14.472 8.508
700 10.0 13.784 8.628
710 10.0 13.097 8.747
720 10.0 12.438 8.846
730 10.0 11.784 8.944
740 10.0 11.122 9.037
750 10.0 10.435 9.117
760 10.0 11.048 8.947
770 10.0 10.931 8.879
780 10.0 10.618 9.411
790 10.0 10.369 8.877
800 10.0 9.972 9.247
810 10.0 9.942 9.676
820 10.0 8.887 9.552
830 10.0 9.218 10.476
840 10.0 8.939 10.576
850 10.0 8.765 10.202
860 10.0 8.112 10.583
870 10.0 9.104 11.066
680 12.0 10.430 6.345
690 12.0 10.264 6.005
700 12.0 10.099 5.665
710 12.0 9.933 5.325
720 12.0 9.741 4.920
730 12.0 9.524 4.451
740 12.0 9.306 3.982
750 12.0 9.122 3.556
760 12.0 9.387 3.710
770 12.0 9.137 4.095
780 12.0 9.860 4.139
790 12.0 9.911 2.954
800 12.0 9.749 1.886
810 12.0 9.773 1.888
820 12.0 9.876 0.838
830 12.0 9.357 0.112
840 12.0 9.938 -0.030
850 12.0 9.600 -1.492
860 12.0 9.976 -1.338
870 12.0 10.111 -1.702
750 11.0 0.088 7.704
760 11.0 0.636 7.441
770 11.0 1.183 7.179
780 11.0 1.733 6.910
790 11.0 2.297 6.618
800 11.0 2.860 6.325
810 11.0 3.427 6.039
820 11.0 4.023 5.807
830 11.0 3.642 5.720
840 11.0 3.607 6.186
850 11.0 4.369 5.733
860 11.0 5.492 5.013
870 11.0 5.602 5.186
880 11.0 4.179 5.477
890 11.0 6.160 4.254
900 11.0 5.736 4.408
910 11.0 6.974 4.367
920 11.0 4.538 5.677
930 11.0 5.558 5.445
940 11.0 7.356 3.529
890 13.0 15.111 8.759
900 13.0 14.495 8.776
910 13.0 13.879 8.793
920 13.0 13.255 8.833
930 13.0 12.602 8.965
940 13.0 11.949 9.096
950 13.0 11.298 9.246
960 13.0 10.653 9.439
970 13.0 10.999 9.157
980 13.0 10.763 9.583
990 13.0 10.637 9.205
1000 13.0 10.104 9.227
1010 13.0 9.460 9.693
1020 13.0 9.573 9.933
1030 13.0 8.553 10.473
1040 13.0 8.057 10.590
1050 13.0 8.278 10.074
1060 13.0 8.605 10.665
1070 13.0 8.979 10.417
1080 13.0 8.652 11.077
1130 18.0 15.426 8.393
1140 18.0 14.639 8.472
1150 18.0 13.852 8.552
1160 18.0 13.064 8.632
1170 18.0 12.270 8.799
1180 18.0 11.475 8.975
1190 18.0 10.682 9.135
1200 18.0 9.898 9.225
1210 18.0 10.937 9.538
1220 18.0 10.040 9.660
1230 18.0 9.788 10.113
1240 18.0 9.673 11.012
1250 18.0 9.132 10.645
1260 18.0 8.250 10.600
1270 18.0 9.444 10.012
1280 18.0 10.248 9.709
1290 18.0 9.174 9.875
1300 18.0 9.531 10.046
1310 18.0 9.244 10.604
1320 18.0 7.030 11.259
1140 21.0 1.136 7.652
1150 21.0 1.552 7.805
1160 21.0 1.967 7.958
1170 21.0 2.383 8.111
1180 21.0 2.813 8.267
1190 21.0 3.304 8.434
1200 21.0 3.795 8.601
1210 21.0 4.281 8.754
1220 21.0 3.108 8.056
1230 21.0 3.732 8.212
1240 21.0 4.074 7.358
1250 21.0 4.192 7.796
1260 21.0 5.048 7.919
1270 21.0 4.584 8.180
1280 21.0 4.569 7.839
1290 21.0 4.936 7.599
1300 21.0 5.068 7.623
1310 21.0 5.609 7.392
1320 21.0 6.114 7.046
1330 21.0 5.779 7.977
1160 19.0 12.242 7.491
1170 19.0 11.891 7.520
1180 19.0 11.540 7.549
1190 19.0 11.190 7.578
1200 19.0 10.763 7.634
1210 19.0 10.285 7.707
1220 19.0 9.808 7.780
1230 19.0 9.168 7.962
1240 19.0 9.568 8.107
1250 19.0 8.926 7.902
1260 19.0 8.346 8.625
1270 19.0 7.705 8.684
1280 19.0 7.593 9.086
1290 19.0 6.732 8.859
1300 19.0 6.512 9.066
1310 19.0 6.098 9.271
1320 19.0 6.197 9.348
1330 19.0 5.355 9.693
1340 19.0 5.442 9.543
1350 19.0 5.642 10.490
1200 20.0 11.991 8.161
1210 20.0 11.435 8.276
1220 20.0 10.879 8.390
1230 20.0 10.358 8.493
1240 20.0 9.851 8.590
1250 20.0 9.345 8.687
1260 20.0 8.766 8.735
1270 20.0 8.187 8.783
1280 20.0 8.300 9.451
1290 20.0 8.076 9.507
1300 20.0 6.881 10.109
1310 20.0 5.974 10.268
1320 20.0 5.819 9.919
1330 20.0 5.095 11.019
1340 20.0 3.876 10.607
1350 20.0 3.988 11.159
1360 20.0 4.934 11.790
1370 20.0 6.473 11.137
1380 20.0 5.648 12.735
1390 20.0 4.637 12.490
1230 25.0 3.849 4.590
1240 25.0 4.039 4.668
1250 25.0 4.229 4.747
1260 25.0 4.419 4.825
1270 25.0 4.609 4.903
1280 25.0 4.798 4.981
1290 25.0 4.988 5.060
1300 25.0 5.225 5.100
1310 25.0 5.151 5.116
1320 25.0 5.610 4.961
1330 25.0 6.167 5.000
1340 25.0 6.105 5.087
1350 25.0 6.231 5.012
1360 25.0 6.387 4.607
1370 25.0 6.419 4.833
1380 25.0 7.051 4.713
1390 25.0 6.720 4.235
1400 25.0 7.320 4.362
1410 25.0 7.199 4.800
1420 25.0 6.863 4.901
1310 22.0 14.781 5.883
1320 22.0 14.322 5.852
1330 22.0 13.863 5.821
1340 22.0 13.405 5.791
1350 22.0 12.965 5.789
1360 22.0 12.544 5.817
1370 22.0 12.123 5.845
1380 22.0 11.702 5.873
1390 22.0 12.069 6.597
1400 22.0 12.169 6.080
1410 22.0 11.824 5.767
1420 22.0 11.367 6.719
1430 22.0 11.203 6.635
1440 22.0 11.376 6.298
1450 22.0 11.527 6.213
1460 22.0 10.667 6.789
1470 22.0 9.885 6.509
1480 22.0 9.756 6.488
1490 22.0 8.739 7.036
1500 22.0 8.739 6.608
1310 23.0 14.939 5.155
1320 23.0 14.500 5.155
1330 23.0 14.060 5.155
1340 23.0 13.621 5.155
1350 23.0 13.176 5.166
1360 23.0 12.731 5.180
1370 23.0 12.285 5.194
1380 23.0 11.849 5.189
1390 23.0 12.113 5.700
1400 23.0 12.398 5.424
1410 23.0 11.447 5.152
1420 23.0 10.823 5.481
1430 23.0 10.571 5.330
1440 23.0 11.101 5.221
1450 23.0 9.927 5.139
1460 23.0 10.856 5.149
1470 23.0 10.266 4.799
1480 23.0 8.660 5.999
1490 23.0 8.406 6.654
1500 23.0 7.839 6.449
1310 24.0 14.936 4.413
1320 24.0 14.479 4.399
1330 24.0 14.022 4.385
1340 24.0 13.565 4.372
1350 24.0 13.126 4.347
1360 24.0 12.695 4.318
1370 24.0 12.263 4.289
1380 24.0 11.832 4.260
1390 24.0 12.290 5.122
1400 24.0 12.181 5.405
1410 24.0 11.804 5.053
1420 24.0 11.279 5.738
1430 24.0 10.549 5.931
1440 24.0 10.166 6.077
1450 24.0 10.753 5.249
1460 24.0 9.480 5.838
1470 24.0 10.324 5.652
1480 24.0 9.295 6.623
1490 24.0 8.927 6.042
1500 24.0 8.773 6.457
1370 27.0 6.367 0.491
1380 27.0 6.390 1.139
1390 27.0 6.412 1.787
1400 27.0 6.428 2.382
1410 27.0 6.440 2.955
1420 27.0 6.452 3.527
1430 27.0 6.461 4.085
1440 27.0 6.461 4.580
1450 27.0 6.509 4.827
1460 27.0 6.475 6.513
1470 27.0 6.225 7.956
1480 27.0 6.002 7.210
1490 27.0 6.129 6.960
1500 27.0 6.541 9.777
1510 27.0 6.347 7.419
1520 27.0 6.571 5.579
1530 27.0 6.161 7.540
1540 27.0 6.307 9.425
1550 27.0 6.625 12.691
1560 27.0 6.514 9.212
1430 26.0 8.171 6.327
1440 26.0 8.321 6.402
1450 26.0 8.470 6.478
1460 26.0 8.611 6.546
1470 26.0 8.743 6.607
1480 26.0 8.875 6.668
1490 26.0 9.007 6.729
1500 26.0 9.101 6.781
1510 26.0 9.058 6.621
1520 26.0 9.658 6.686
1530 26.0 9.791 6.533
1540 26.0 9.653 6.648
1550 26.0 9.671 6.505
1560 26.0 9.832 6.443
1570 26.0 9.930 6.513
1580 26.0 10.135 6.415
1590 26.0 9.958 6.280
1600 26.0 10.567 6.298
1610 26.0 10.634 6.626
1620 26.0 10.076 6.179
1560 28.0 9.766 9.217
1570 28.0 9.769 9.169
1580 28.0 9.771 9.120
1590 28.0 9.774 9.072
1600 28.0 9.776 9.024
1610 28.0 9.778 8.976
1620 28.0 9.781 8.927
1630 28.0 9.783 8.879
1640 28.0 9.724 9.001
1650 28.0 9.673 8.929
1660 28.0 9.853 8.931
1670 28.0 9.759 8.712
1680 28.0 9.757 8.735
1690 28.0 9.701 8.575
1700 28.0 9.875 8.531
1710 28.0 9.939 8.450
1720 28.0 10.175 8.427
1730 28.0 10.422 8.370
1740 28.0 10.634 8.114
1750 28.0 11.332 7.774
1560 29.0 0.844 7.509
1570 29.0 1.049 7.352
1580 29.0 1.254 7.195
1590 29.0 1.459 7.038
1600 29.0 1.664 6.881
1610 29.0 1.967 6.760
1620 29.0 2.295 6.647
1630 29.0 2.623 6.535
1640 29.0 3.200 6.404
1650 29.0 3.873 6.102
1660 29.0 3.324 5.984
1670 29.0 3.324 6.091
1680 29.0 4.517 5.490
1690 29.0 4.559 5.667
1700 29.0 4.861 5.587
1710 29.0 4.818 5.218
1720 29.0 7.184 3.860
1730 29.0 6.662 4.147
1740 29.0 5.737 4.768
1750 29.0 7.379 3.485
1780 30.0 12.813 9.162
1790 30.0 12.238 9.393
1800 30.0 11.663 9.623
1810 30.0 11.091 9.861
1820 30.0 10.527 10.115
1830 30.0 9.964 10.369
1840 30.0 9.398 10.622
1850 30.0 8.823 10.869
1860 30.0 8.917 10.654
1870 30.0 8.677 10.769
1880 30.0 7.863 11.645
1890 30.0 7.178 11.234
1900 30.0 6.448 11.718
1910 30.0 5.495 12.007
1920 30.0 5.534 11.968
1930 30.0 7.541 12.877
1940 30.0 5.890 12.724
1950 30.0 5.552 12.551
1960 30.0 7.289 13.201
1970 30.0 5.521 13.966
1780 31.0 1.784 11.060
1790 31.0 2.400 10.857
1800 31.0 3.016 10.654
1810 31.0 3.591 10.450
1820 31.0 4.140 10.245
1830 31.0 4.689 10.041
1840 31.0 5.321 9.899
1850 31.0 5.975 9.774
1860 31.0 6.427 9.232
1870 31.0 6.137 9.761
1880 31.0 6.749 9.102
1890 31.0 6.689 9.254
1900 31.0 6.750 9.038
1910 31.0 6.214 8.522
1920 31.0 10.092 7.235
1930 31.0 8.260 8.376
1940 31.0 9.382 7.459
1950 31.0 7.340 8.579
1960 31.0 8.602 8.030
1970 31.0 10.404 7.406
2040 33.0 0.146 10.352
2050 33.0 0.763 10.294
2060 33.0 1.380 10.237
2070 33.0 1.996 10.154
2080 33.0 2.613 9.974
2090 33.0 3.230 9.792
2100 33.0 3.825 9.619
2110 33.0 4.370 9.462
2120 33.0 3.911 8.934
2130 33.0 3.150 9.166
2140 33.0 3.995 9.160
2150 33.0 4.041 8.624
2160 33.0 4.305 8.577
2170 33.0 4.992 8.179
2180 33.0 5.444 8.152
2190 33.0 4.843 7.754
2200 33.0 6.215 7.567
2210 33.0 6.011 7.740
2220 33.0 7.363 6.973
2230 33.0 6.457 7.851
2110 35.0 0.182 8.361
2120 35.0 0.638 8.321
2130 35.0 1.094 8.281
2140 35.0 1.560 8.228
2150 35.0 2.040 8.153
2160 35.0 2.520 8.079
2170 35.0 2.993 8.024
2180 35.0 3.437 8.050
2190 35.0 3.448 7.837
2200 35.0 3.893 7.011
2210 35.0 3.648 7.442
2220 35.0 3.587 7.227
2230 35.0 4.699 6.610
2240 35.0 5.133 7.014
2250 35.0 4.617 7.178
2260 35.0 4.630 6.606
2270 35.0 5.409 6.775
2280 35.0 5.028 7.170
2290 35.0 5.819 7.304
2300 35.0 5.591 6.668
2150 36.0 14.859 6.125
2160 36.0 14.227 6.202
2170 36.0 13.596 6.278
2180 36.0 12.975 6.344
2190 36.0 12.369 6.391
2200 36.0 11.762 6.439
2210 36.0 11.103 6.487
2220 36.0 10.438 6.535
2230 36.0 10.925 6.866
2240 36.0 10.666 7.026
2250 36.0 10.095 7.470
2260 36.0 10.738 7.449
2270 36.0 9.090 8.077
2280 36.0 10.057 7.506
2290 36.0 7.708 7.964
2300 36.0 8.271 8.310
2310 36.0 7.429 9.261
2320 36.0 8.816 9.605
2330 36.0 8.313 9.336
2340 36.0 9.476 9.369
2200 37.0 6.003 12.440
2210 37.0 6.024 12.111
2220 37.0 6.046 11.782
2230 37.0 6.072 11.445
2240 37.0 6.109 11.091
2250 37.0 6.145 10.737
2260 37.0 6.175 10.379
2270 37.0 6.196 10.012
2280 37.0 6.239 9.929
2290 37.0 6.311 9.240
2300 37.0 5.967 8.536
2310 37.0 6.327 8.024
2320 37.0 6.195 7.802
2330 37.0 6.240 6.668
2340 37.0 6.104 6.412
2350 37.0 6.104 5.887
2360 37.0 6.174 6.234
2370 37.0 6.215 4.653
2380 37.0 6.014 5.769
2390 37.0 5.871 4.734
2440 40.0 14.886 6.563
2450 40.0 14.182 6.802
2460 40.0 13.477 7.040
2470 40.0 12.735 7.240
2480 40.0 11.989 7.435
2490 40.0 11.280 7.612
2500 40.0 10.587 7.781
2510 40.0 9.893 7.934
2520 40.0 10.644 8.304
2530 40.0 9.750 8.630
2540 40.0 9.881 8.907
2550 40.0 9.961 8.364
2560 40.0 9.474 9.079
2570 40.0 9.415 9.247
2580 40.0 8.737 9.743
2590 40.0 7.442 10.993
2600 40.0 7.933 9.896
2610 40.0 9.484 10.115
2620 40.0 7.922 9.504
2630 40.0 10.655 10.156
2440 41.0 15.281 9.021
2450 41.0 14.506 9.021
2460 41.0 13.732 9.021
2470 41.0 12.958 9.021
2480 41.0 12.151 9.196
2490 41.0 11.340 9.391
2500 41.0 10.535 9.598
2510 41.0 9.755 9.857
2520 41.0 10.343 9.922
2530 41.0 11.436 9.840
2540 41.0 10.916 10.387
2550 41.0 10.438 9.580
2560 41.0 10.141 10.771
2570 41.0 9.476 10.718
2580 41.0 8.425 11.381
2590 41.0 8.159 11.976
2600 41.0 9.402 11.599
2610 41.0 9.567 11.229
2620 41.0 9.722 11.032
2630 41.0 8.691 11.245
2730 43.0 15.235 9.047
2740 43.0 14.514 9.038
2750 43.0 13.793 9.029
2760 43.0 13.083 9.050
2770 43.0 12.409 9.193
2780 43.0 11.736 9.336
2790 43.0 11.073 9.602
2800 43.0 10.415 9.920
2810 43.0 11.523 10.089
2820 43.0 11.850 9.832
2830 43.0 10.608 9.594
2840 43.0 9.685 10.373
2850 43.0 8.577 11.242
2860 43.0 9.040 9.718
2870 43.0 8.654 9.923
2880 43.0 8.269 10.300
2890 43.0 8.616 10.165
2900 43.0 9.737 9.053
2910 43.0 8.665 10.795
2920 43.0 7.991 9.774
2730 44.0 10.049 6.892
2740 44.0 10.000 7.155
2750 44.0 9.951 7.418
2760 44.0 9.902 7.680
2770 44.0 9.841 7.998
2780 44.0 9.777 8.330
2790 44.0 9.706 8.588
2800 44.0 9.629 8.771
2810 44.0 9.249 8.920
2820 44.0 9.245 9.422
2830 44.0 9.167 9.874
2840 44.0 9.271 9.490
2850 44.0 9.354 9.870
2860 44.0 9.154 9.540
2870 44.0 9.063 10.270
2880 44.0 9.283 10.971
2890 44.0 9.233 11.826
2900 44.0 9.119 11.547
2910 44.0 9.074 12.485
2920 44.0 9.066 10.938
2950 46.0 15.113 7.655
2960 46.0 14.465 7.711
2970 46.0 13.818 7.766
2980 46.0 13.166 7.844
2990 46.0 12.503 7.976
3000 46.0 11.841 8.109
3010 46.0 11.213 8.249
3020 46.0 10.609 8.395
3030 46.0 10.937 8.196
3040 46.0 11.047 8.439
3050 46.0 10.769 8.178
3060 46.0 9.426 9.051
3070 46.0 9.404 9.632
3080 46.0 8.562 10.302
3090 46.0 9.400 9.699
3100 46.0 8.694 10.219
3110 46.0 8.998 10.550
3120 46.0 7.585 10.582
3130 46.0 8.768 10.686
3140 46.0 7.116 10.838
2960 47.0 14.691 8.306
2970 47.0 14.104 8.356
2980 47.0 13.515 8.413
2990 47.0 12.912 8.532
3000 47.0 12.309 8.651
3010 47.0 11.697 8.831
3020 47.0 11.084 9.018
3030 47.0 10.435 9.207
3040 47.0 11.563 9.111
3050 47.0 10.657 9.200
3060 47.0 10.976 9.117
3070 47.0 11.432 9.377
3080 47.0 10.863 9.669
3090 47.0 9.976 9.568
3100 47.0 9.981 9.749
3110 47.0 9.557 10.280
3120 47.0 8.583 10.435
3130 47.0 8.691 10.489
3140 47.0 8.036 11.002
3150 47.0 8.103 10.867
2960 48.0 14.707 9.007
2970 48.0 14.110 8.978
2980 48.0 13.512 8.950
2990 48.0 12.990 9.065
3000 48.0 12.467 9.180
3010 48.0 11.920 9.338
3020 48.0 11.315 9.596
3030 48.0 10.710 9.855
3040 48.0 10.798 9.668
3050 48.0 11.158 9.194
3060 48.0 9.859 9.924
3070 48.0 9.453 9.917
3080 48.0 10.361 8.920
3090 48.0 11.292 9.862
3100 48.0 8.725 10.068
3110 48.0 9.287 10.253
3120 48.0 9.586 10.382
3130 48.0 9.163 9.187
3140 48.0 9.748 8.853
3150 48.0 8.411 9.749
3010 49.0 8.891 8.481
3020 49.0 9.199 8.335
3030 49.0 9.506 8.188
3040 49.0 9.862 8.120
3050 49.0 10.264 8.130
3060 49.0 10.662 8.137
3070 49.0 11.037 8.128
3080 49.0 11.413 8.119
3090 49.0 11.003 7.615
3100 49.0 10.987 7.736
3110 49.0 11.623 7.185
3120 49.0 12.479 6.837
3130 49.0 12.297 7.308
3140 49.0 12.397 7.001
3150 49.0 13.089 6.989
3160 49.0 13.951 6.380
3170 49.0 12.381 6.795
3180 49.0 13.880 6.252
3190 49.0 14.511 6.378
3200 49.0 14.658 6.315
3040 50.0 0.112 10.188
3050 50.0 0.469 9.974
3060 50.0 0.827 9.759
3070 50.0 1.185 9.544
3080 50.0 1.547 9.360
3090 50.0 1.910 9.179
3100 50.0 2.273 8.997
3110 50.0 2.592 8.891
3120 50.0 3.084 8.271
3130 50.0 3.103 8.561
3140 50.0 3.074 8.395
3150 50.0 4.133 8.424
3160 50.0 4.615 7.942
3170 50.0 4.647 7.902
3180 50.0 4.952 7.982
3190 50.0 6.004 7.248
3200 50.0 6.914 6.898
3210 50.0 5.456 7.441
3220 50.0 5.609 7.443
3230 50.0 6.491 7.765
3100 52.0 0.118 12.916
3110 52.0 0.442 12.852
3120 52.0 0.766 12.788
3130 52.0 1.077 12.747
3140 52.0 1.382 12.716
3150 52.0 1.688 12.685
3160 52.0 1.940 12.641
3170 52.0 2.156 12.588
3180 52.0 1.346 12.523
3190 52.0 1.802 12.110
3200 52.0 1.972 12.398
3210 52.0 2.947 11.945
3220 52.0 2.370 12.061
3230 52.0 2.874 12.491
3240 52.0 3.576 12.207
3250 52.0 3.711 12.353
3260 52.0 3.444 12.211
3270 52.0 4.660 11.790
3280 52.0 3.588 11.957
3290 52.0 4.463 11.699
3200 54.0 14.702 9.063
3210 54.0 14.045 9.050
3220 54.0 13.343 9.157
3230 54.0 12.622 9.316
3240 54.0 11.954 9.510
3250 54.0 11.323 9.728
3260 54.0 10.689 9.946
3270 54.0 10.049 10.166
3280 54.0 10.871 9.968
3290 54.0 10.059 9.846
3300 54.0 9.362 10.889
3310 54.0 9.322 10.522
3320 54.0 9.832 9.311
3330 54.0 8.318 9.685
3340 54.0 8.914 9.411
3350 54.0 9.125 9.870
3360 54.0 8.652 11.326
3370 54.0 8.390 10.941
3380 54.0 7.780 10.980
3390 54.0 8.069 10.965
3240 51.0 4.206 8.429
3250 51.0 4.399 8.380
3260 51.0 4.735 8.292
3270 51.0 5.072 8.203
3280 51.0 5.409 8.114
3290 51.0 5.842 7.995
3300 51.0 6.274 7.876
3310 51.0 6.707 7.756
3320 51.0 7.152 7.852
3330 51.0 6.928 7.445
3340 51.0 7.166 7.782
3350 51.0 7.337 7.433
3360 51.0 7.851 7.625
3370 51.0 7.487 7.442
3380 51.0 7.571 7.388
3390 51.0 8.007 7.045
3400 51.0 8.460 7.328
3410 51.0 8.926 7.047
3420 51.0 9.536 6.636
3430 51.0 10.076 7.062
3300 53.0 3.967 10.755
3310 53.0 4.099 10.568
3320 53.0 4.230 10.382
3330 53.0 4.415 10.223
3340 53.0 4.600 10.064
3350 53.0 4.785 9.904
3360 53.0 4.984 9.729
3370 53.0 5.188 9.546
3380 53.0 5.382 9.932
3390 53.0 5.363 9.711
3400 53.0 5.579 9.577
3410 53.0 6.143 9.455
3420 53.0 6.511 9.001
3430 53.0 6.852 9.156
3440 53.0 6.945 8.942
3450 53.0 7.686 8.551
3460 53.0 7.969 8.531
3470 53.0 8.267 8.107
3480 53.0 8.080 8.372
3490 53.0 9.291 7.665
3460 55.0 -0.162 11.055
3470 55.0 0.728 10.958
3480 55.0 1.618 10.860
3490 55.0 2.498 10.782
3500 55.0 3.369 10.725
3510 55.0 4.240 10.667
3520 55.0 5.077 10.617
3530 55.0 5.893 10.573
3540 55.0 3.890 10.176
3550 55.0 3.662 9.963
3560 55.0 4.864 9.114
3570 55.0 4.693 10.236
3580 55.0 5.998 9.131
3590 55.0 5.039 9.638
3600 55.0 6.039 8.204
3610 55.0 5.355 8.564
3620 55.0 6.304 9.011
3630 55.0 7.252 7.036
3640 55.0 5.043 7.349
3650 55.0 6.194 8.311
3520 56.0 0.132 11.040
3530 56.0 0.816 10.938
3540 56.0 1.500 10.835
3550 56.0 2.181 10.742
3560 56.0 2.857 10.670
3570 56.0 3.533 10.597
3580 56.0 4.209 10.525
3590 56.0 4.888 10.440
3600 56.0 3.834 10.654
3610 56.0 3.900 10.616
3620 56.0 4.720 11.214
3630 56.0 4.946 11.147
3640 56.0 5.635 10.975
3650 56.0 5.007 11.106
3660 56.0 4.970 11.296
3670 56.0 4.506 11.533
3680 56.0 5.754 11.374
3690 56.0 5.733 11.096
3700 56.0 4.753 12.519
3710 56.0 4.858 12.324
3970 60.0 14.764 8.080
3980 60.0 14.000 8.292
3990 60.0 13.236 8.504
4000 60.0 12.553 8.806
4010 60.0 11.906 9.145
4020 60.0 11.256 9.497
4030 60.0 10.582 9.955
4040 60.0 9.909 10.413
4050 60.0 9.678 10.694
4060 60.0 9.476 10.562
4070 60.0 10.131 10.182
4080 60.0 9.670 10.549
4090 60.0 8.657 11.252
4100 60.0 8.345 11.515
4110 60.0 8.716 12.027
4120 60.0 8.776 11.409
4130 60.0 7.502 12.263
4140 60.0 6.994 11.935
4150 60.0 8.674 11.721
4160 60.0 7.647 12.620
3990 62.0 3.379 7.155
4000 62.0 3.688 7.436
4010 62.0 3.998 7.717
4020 62.0 4.307 7.998
4030 62.0 4.736 8.278
4040 62.0 5.285 8.559
4050 62.0 5.829 8.830
4060 62.0 6.352 9.069
4070 62.0 5.215 9.102
4080 62.0 4.965 8.635
4090 62.0 5.244 9.487
4100 62.0 5.167 9.600
4110 62.0 4.969 10.280
4120 62.0 5.381 9.763
4130 62.0 5.581 10.072
4140 62.0 5.573 10.299
4150 62.0 5.965 10.763
4160 62.0 5.527 11.327
4170 62.0 5.575 11.461
4180 62.0 5.518 10.409
4220 64.0 2.294 11.340
4230 64.0 2.925 11.140
4240 64.0 3.557 10.939
4250 64.0 4.180 10.707
4260 64.0 4.799 10.453
4270 64.0 5.417 10.200
4280 64.0 6.031 9.908
4290 64.0 6.640 9.558
4300 64.0 6.850 9.740
4310 64.0 6.842 9.702
4320 64.0 6.747 9.551
4330 64.0 7.876 8.832
4340 64.0 9.802 8.338
4350 64.0 8.020 8.255
4360 64.0 8.430 8.908
4370 64.0 9.518 8.556
4380 64.0 9.448 8.040
4390 64.0 8.674 8.209
4400 64.0 5.330 9.105
4410 64.0 8.066 7.866
4220 65.0 6.877 9.056
4230 65.0 6.742 9.588
4240 65.0 6.609 10.119
4250 65.0 6.417 10.683
4260 65.0 6.226 11.247
4270 65.0 6.044 11.685
4280 65.0 5.865 12.092
4290 65.0 5.680 12.478
4300 65.0 6.010 12.849
4310 65.0 6.061 14.207
4320 65.0 5.893 13.404
4330 65.0 5.869 14.004
4340 65.0 6.064 14.534
4350 65.0 5.862 15.303
4360 65.0 5.443 16.091
4370 65.0 4.858 16.185
4380 65.0 5.225 16.018
4390 65.0 5.011 15.931
4400 65.0 4.956 17.235
4410 65.0 4.764 15.989
4270 66.0 11.245 7.967
4280 66.0 10.843 8.112
4290 66.0 10.441 8.256
4300 66.0 10.039 8.401
4310 66.0 9.481 8.750
4320 66.0 8.922 9.098
4330 66.0 8.331 9.327
4340 66.0 7.691 9.375
4350 66.0 7.502 9.871
4360 66.0 6.456 9.793
4370 66.0 6.680 9.739
4380 66.0 5.944 10.463
4390 66.0 5.796 10.269
4400 66.0 5.322 10.663
4410 66.0 4.563 11.151
4420 66.0 3.859 11.321
4430 66.0 5.933 10.734
4440 66.0 3.983 11.817
4450 66.0 4.287 11.494
4460 66.0 4.108 11.745
4280 67.0 15.224 7.173
4290 67.0 14.450 7.106
4300 67.0 13.675 7.040
4310 67.0 12.888 6.993
4320 67.0 12.070 6.993
4330 67.0 11.253 6.993
4340 67.0 10.467 7.062
4350 67.0 9.695 7.162
4360 67.0 10.355 7.767
4370 67.0 11.062 7.663
4380 67.0 9.878 8.203
4390 67.0 9.629 8.066
4400 67.0 9.743 7.736
4410 67.0 9.741 7.307
4420 67.0 9.966 7.925
4430 67.0 8.974 7.996
4440 67.0 8.242 7.911
4450 67.0 8.396 8.300
4460 67.0 9.104 7.476
4470 67.0 7.885 9.303
4310 68.0 10.313 9.618
4320 68.0 9.892 9.484
4330 68.0 9.408 9.272
4340 68.0 8.829 8.944
4350 68.0 8.261 8.699
4360 68.0 7.698 8.478
4370 68.0 7.145 8.270
4380 68.0 6.609 8.067
4390 68.0 6.375 8.869
4400 68.0 6.496 8.684
4410 68.0 5.757 9.484
4420 68.0 5.301 8.710
4430 68.0 6.168 8.746
4440 68.0 5.339 9.315
4450 68.0 4.417 8.774
4460 68.0 5.008 9.177
4470 68.0 4.320 8.949
4480 68.0 4.481 9.171
4490 68.0 5.837 8.434
4500 68.0 5.220 9.572
4510 69.0 9.428 13.047
4520 69.0 9.374 12.790
4530 69.0 9.320 12.533
4540 69.0 9.266 12.276
4550 69.0 9.239 11.989
4560 69.0 9.239 11.670
4570 69.0 9.239 11.352
4580 69.0 9.245 11.037
4590 69.0 9.182 10.766
4600 69.0 9.196 9.904
4610 69.0 9.117 9.921
4620 69.0 9.127 9.801
4630 69.0 8.735 10.027
4640 69.0 8.886 9.428
4650 69.0 9.053 9.503
4660 69.0 8.858 8.073
4670 69.0 9.171 7.858
4680 69.0 8.773 7.133
4690 69.0 9.043 6.551
4700 69.0 9.057 7.564
4510 70.0 10.198 13.383
4520 70.0 10.227 13.070
4530 70.0 10.256 12.758
4540 70.0 10.268 12.460
4550 70.0 10.263 12.179
4560 70.0 10.257 11.897
4570 70.0 10.252 11.616
4580 70.0 10.273 11.304
4590 70.0 10.084 10.890
4600 70.0 9.854 10.535
4610 70.0 10.194 9.679
4620 70.0 10.263 9.315
4630 70.0 10.139 8.759
4640 70.0 9.955 7.717
4650 70.0 10.054 7.015
4660 70.0 10.318 7.051
4670 70.0 10.424 5.476
4680 70.0 10.227 6.683
4690 70.0 10.526 4.727
4700 70.0 10.280 5.215
4600 73.0 0.170 9.853
4610 73.0 0.818 9.816
4620 73.0 1.465 9.780
4630 73.0 2.099 9.725
4640 73.0 2.720 9.654
4650 73.0 3.342 9.558
4660 73.0 3.963 9.439
4670 73.0 4.583 9.318
4680 73.0 3.028 9.700
4690 73.0 3.809 9.918
4700 73.0 3.762 9.479
4710 73.0 3.521 9.975
4720 73.0 4.368 9.239
4730 73.0 4.197 10.113
4740 73.0 4.395 9.141
4750 73.0 4.134 9.056
4760 73.0 4.373 9.185
4770 73.0 5.522 8.977
4780 73.0 5.421 9.137
4790 73.0 5.280 9.501
4610 74.0 0.449 10.200
4620 74.0 1.178 10.123
4630 74.0 1.907 10.047
4640 74.0 2.593 10.002
4650 74.0 3.261 9.971
4660 74.0 3.919 9.920
4670 74.0 4.560 9.841
4680 74.0 5.214 9.762
4690 74.0 4.832 9.278
4700 74.0 4.709 9.899
4710 74.0 4.863 10.094
4720 74.0 5.193 10.220
4730 74.0 4.443 10.488
4740 74.0 4.985 10.198
4750 74.0 4.133 11.627
4760 74.0 4.311 10.416
4770 74.0 5.020 9.738
4780 74.0 4.137 10.934
4790 74.0 6.032 10.461
4800 74.0 5.187 10.858
4640 75.0 -0.100 11.481
4650 75.0 0.466 11.298
4660 75.0 1.033 11.114
4670 75.0 1.600 10.931
4680 75.0 2.176 11.006
4690 75.0 2.765 11.047
4700 75.0 3.458 10.859
4710 75.0 4.109 10.859
4720 75.0 4.229 10.872
4730 75.0 2.967 11.272
4740 75.0 3.331 11.773
4750 75.0 2.730 11.363
4760 75.0 3.443 11.117
4770 75.0 3.683 11.480
4780 75.0 4.256 10.910
4790 75.0 4.677 10.657
4800 75.0 4.940 10.832
4810 75.0 4.154 11.666
4820 75.0 4.951 11.753
4830 75.0 5.126 10.987
4680 76.0 0.328 7.055
4690 76.0 0.899 7.370
4700 76.0 1.470 7.686
4710 76.0 1.929 8.114
4720 76.0 2.340 8.592
4730 76.0 2.668 9.063
4740 76.0 2.940 9.530
4750 76.0 3.241 9.967
4760 76.0 2.655 9.295
4770 76.0 2.043 9.124
4780 76.0 1.792 9.794
4790 76.0 1.480 10.604
4800 76.0 1.747 10.189
4810 76.0 2.477 11.232
4820 76.0 1.955 12.865
4830 76.0 2.434 11.927
4840 76.0 2.735 11.049
4850 76.0 1.762 11.733
4860 76.0 2.329 10.057
4870 76.0 2.449 12.756
4690 77.0 -0.015 9.260
4700 77.0 0.584 9.021
4710 77.0 1.142 8.696
4720 77.0 1.660 8.289
4730 77.0 2.179 7.892
4740 77.0 2.789 7.542
4750 77.0 3.412 7.209
4760 77.0 4.067 6.983
4770 77.0 4.350 6.731
4780 77.0 4.528 6.266
4790 77.0 6.005 5.452
4800 77.0 6.855 5.308
4810 77.0 5.837 5.534
4820 77.0 8.045 4.610
4830 77.0 9.405 2.047
4840 77.0 6.151 5.583
4850 77.0 9.786 3.218
4860 77.0 4.729 5.862
4870 77.0 6.294 4.982
4880 77.0 6.419 6.053
4910 79.0 0.084 8.329
4920 79.0 0.538 8.329
4930 79.0 1.000 8.325
4940 79.0 1.530 8.281
4950 79.0 2.060 8.236
4960 79.0 2.582 8.178
4970 79.0 3.090 8.098
4980 79.0 3.599 8.019
4990 79.0 3.965 7.768
5000 79.0 3.290 8.029
5010 79.0 3.235 8.428
5020 79.0 4.027 8.396
5030 79.0 4.264 8.473
5040 79.0 4.132 8.309
5050 79.0 4.715 8.581
5060 79.0 3.971 9.199
5070 79.0 4.036 8.950
5080 79.0 4.195 8.494
5090 79.0 3.953 8.990
5100 79.0 4.361 8.562
4910 80.0 -0.039 8.821
4920 80.0 0.472 8.867
4930 80.0 0.983 8.912
4940 80.0 1.496 8.946
4950 80.0 2.010 8.975
4960 80.0 2.523 8.974
4970 80.0 3.034 8.854
4980 80.0 3.545 8.735
4990 80.0 3.117 9.493
5000 80.0 2.861 9.024
5010 80.0 3.240 8.786
5020 80.0 2.456 9.276
5030 80.0 2.658 9.166
5040 80.0 3.429 8.988
5050 80.0 2.876 9.326
5060 80.0 2.832 9.367
5070 80.0 3.254 9.336
5080 80.0 3.791 8.952
5090 80.0 4.436 8.598
5100 80.0 4.743 9.142
4960 82.0 14.943 9.930
4970 82.0 14.312 10.060
4980 82.0 13.680 10.189
4990 82.0 13.049 10.319
5000 82.0 12.449 10.435
5010 82.0 11.863 10.546
5020 82.0 11.277 10.657
5030 82.0 10.656 10.764
5040 82.0 11.692 10.536
5050 82.0 12.609 10.472
5060 82.0 11.992 10.293
5070 82.0 9.199 10.603
5080 82.0 9.600 10.949
5090 82.0 8.869 11.375
5100 82.0 8.501 11.799
5110 82.0 9.218 11.590
5120 82.0 8.784 10.999
5130 82.0 8.635 12.818
5140 82.0 6.642 13.218
5150 82.0 7.396 12.868
4960 83.0 15.153 8.933
4970 83.0 14.522 9.018
4980 83.0 13.891 9.103
4990 83.0 13.259 9.188
5000 83.0 12.598 9.299
5010 83.0 11.936 9.410
5020 83.0 11.282 9.541
5030 83.0 10.658 9.755
5040 83.0 11.384 9.022
5050 83.0 10.040 9.649
5060 83.0 10.022 8.986
5070 83.0 9.975 9.924
5080 83.0 9.322 10.129
5090 83.0 9.326 10.491
5100 83.0 10.595 10.888
5110 83.0 9.333 10.416
5120 83.0 8.596 10.464
5130 83.0 9.832 10.583
5140 83.0 10.193 10.306
5150 83.0 7.347 11.141
5010 84.0 0.180 11.602
5020 84.0 0.925 11.393
5030 84.0 1.670 11.184
5040 84.0 2.405 10.949
5050 84.0 3.134 10.701
5060 84.0 3.863 10.454
5070 84.0 4.609 10.200
5080 84.0 5.356 9.945
5090 84.0 5.577 9.521
5100 84.0 2.859 9.755
5110 84.0 3.777 8.790
5120 84.0 5.909 8.837
5130 84.0 5.128 8.368
5140 84.0 5.040 8.474
5150 84.0 7.050 6.941
5160 84.0 5.280 8.637
5170 84.0 4.868 9.081
5180 84.0 5.694 8.443
5190 84.0 5.492 8.415
5200 84.0 6.569 8.279
5230 87.0 5.098 11.218
5240 87.0 5.612 11.156
5250 87.0 6.127 11.094
5260 87.0 6.641 11.032
5270 87.0 7.149 10.932
5280 87.0 7.655 10.828
5290 87.0 8.161 10.723
5300 87.0 8.684 10.636
5310 87.0 8.460 10.048
5320 87.0 7.958 10.184
5330 87.0 8.485 9.593
5340 87.0 9.272 10.070
5350 87.0 8.844 9.683
5360 87.0 9.279 9.831
5370 87.0 10.281 9.742
5380 87.0 9.608 9.490
5390 87.0 9.065 9.702
5400 87.0 11.032 8.569
5410 87.0 10.657 9.350
5420 87.0 11.135 8.937
5240 88.0 14.842 8.292
5250 88.0 14.346 8.360
5260 88.0 13.850 8.428
5270 88.0 13.346 8.547
5280 88.0 12.839 8.688
5290 88.0 12.353 8.774
5300 88.0 11.889 8.804
5310 88.0 11.421 8.844
5320 88.0 11.176 9.024
5330 88.0 10.967 8.836
5340 88.0 10.062 8.979
5350 88.0 9.763 8.644
5360 88.0 9.752 8.977
5370 88.0 8.948 8.257
5380 88.0 8.288 9.665
5390 88.0 8.294 8.991
5400 88.0 7.980 9.577
5410 88.0 7.730 9.015
5420 88.0 7.350 9.614
5430 88.0 8.232 9.388
5240 89.0 14.810 8.876
5250 89.0 14.377 8.919
5260 89.0 13.943 8.963
5270 89.0 13.490 9.026
5280 89.0 12.961 9.171
5290 89.0 12.432 9.316
5300 89.0 11.902 9.460
5310 89.0 11.442 9.626
5320 89.0 11.258 9.884
5330 89.0 11.007 10.315
5340 89.0 9.995 10.385
5350 89.0 9.893 10.474
5360 89.0 8.854 11.093
5370 89.0 9.049 10.701
5380 89.0 9.127 11.496
5390 89.0 8.490 12.039
5400 89.0 9.012 11.880
5410 89.0 7.158 12.165
5420 89.0 8.151 12.128
5430 89.0 8.150 12.387
5270 90.0 15.242 7.443
5280 90.0 14.484 7.577
5290 90.0 13.727 7.711
5300 90.0 12.981 7.850
5310 90.0 12.266 8.003
5320 90.0 11.550 8.155
5330 90.0 10.863 8.333
5340 90.0 10.183 8.517
5350 90.0 11.261 7.788
5360 90.0 11.298 7.883
5370 90.0 9.930 8.274
5380 90.0 9.609 8.476
5390 90.0 9.867 8.611
5400 90.0 9.627 9.752
5410 90.0 8.184 9.064
5420 90.0 7.809 9.945
5430 90.0 7.951 9.060
5440 90.0 9.250 9.537
5450 90.0 7.309 10.688
5460 90.0 7.954 10.254
5300 91.0 2.649 8.875
5310 91.0 3.189 9.009
5320 91.0 3.728 9.144
5330 91.0 4.267 9.278
5340 91.0 4.821 9.395
5350 91.0 5.385 9.500
5360 91.0 5.959 9.599
5370 91.0 6.621 9.650
5380 91.0 6.316 9.276
5390 91.0 5.927 9.082
5400 91.0 5.009 9.476
5410 91.0 5.581 10.050
5420 91.0 6.034 9.953
5430 91.0 5.891 9.662
5440 91.0 6.454 10.154
5450 91.0 5.577 10.206
5460 91.0 6.109 9.993
5470 91.0 6.916 10.102
5480 91.0 6.709 10.080
5490 91.0 6.927 9.924
5410 92.0 0.360 12.524
5420 92.0 1.071 12.424
5430 92.0 1.781 12.325
5440 92.0 2.564 12.144
5450 92.0 3.355 11.955
5460 92.0 4.146 11.766
5470 92.0 4.778 11.570
5480 92.0 5.409 11.374
5490 92.0 4.523 11.853
5500 92.0 5.856 10.793
5510 92.0 5.580 11.485
5520 92.0 6.630 11.099
5530 92.0 5.564 10.932
5540 92.0 5.417 11.161
5550 92.0 6.425 11.377
5560 92.0 8.360 10.305
5570 92.0 6.409 10.301
5580 92.0 8.489 10.367
5590 92.0 7.832 9.880
5600 92.0 8.653 10.689
5410 93.0 0.511 13.619
5420 93.0 1.022 13.432
5430 93.0 1.533 13.244
5440 93.0 2.014 13.107
5450 93.0 2.465 13.022
5460 93.0 2.916 12.937
5470 93.0 3.450 12.828
5480 93.0 4.018 12.709
5490 93.0 3.525 12.595
5500 93.0 4.524 12.293
5510 93.0 4.646 12.259
5520 93.0 5.940 11.764
5530 93.0 5.068 12.238
5540 93.0 5.816 11.891
5550 93.0 5.855 11.618
5560 93.0 5.859 11.729
5570 93.0 6.638 11.277
5580 93.0 5.928 12.055
5590 93.0 5.659 11.801
5600 93.0 7.274 10.998
5480 94.0 0.358 11.885
5490 94.0 0.989 11.838
5500 94.0 1.621 11.790
5510 94.0 2.163 11.739
5520 94.0 2.705 11.679
5530 94.0 3.235 11.526
5540 94.0 3.766 11.374
5550 94.0 4.351 11.232
5560 94.0 4.561 11.522
5570 94.0 3.415 11.931
5580 94.0 3.977 11.829
5590 94.0 3.763 12.404
5600 94.0 4.348 12.229
5610 94.0 4.117 12.483
5620 94.0 4.143 11.969
5630 94.0 4.210 12.257
5640 94.0 4.068 11.965
5650 94.0 5.161 12.542
5660 94.0 5.584 12.200
5670 94.0 4.847 12.492
5660 95.0 0.031 12.330
5670 95.0 0.507 12.135
5680 95.0 0.982 11.941
5690 95.0 1.459 11.752
5700 95.0 1.942 11.610
5710 95.0 2.425 11.469
5720 95.0 2.937 11.326
5730 95.0 3.494 11.181
5740 95.0 3.481 11.018
5750 95.0 3.158 11.126
5760 95.0 3.438 10.852
5770 95.0 4.241 10.346
5780 95.0 4.437 10.624
5790 95.0 5.011 10.221
5800 95.0 6.574 9.963
5810 95.0 4.905 10.295
5820 95.0 6.528 9.236
5830 95.0 5.414 9.964
5840 95.0 5.857 9.458
5850 95.0 5.947 9.572
5670 96.0 0.229 11.467
5680 96.0 0.743 11.286
5690 96.0 1.256 11.104
5700 96.0 1.737 10.927
5710 96.0 2.204 10.750
5720 96.0 2.694 10.593
5730 96.0 3.220 10.466
5740 96.0 3.746 10.339
5750 96.0 4.235 9.920
5760 96.0 4.048 9.837
5770 96.0 4.215 9.480
5780 96.0 5.494 9.430
5790 96.0 5.498 8.987
5800 96.0 5.433 9.165
5810 96.0 4.948 9.641
5820 96.0 4.858 9.602
5830 96.0 7.219 8.491
5840 96.0 8.852 7.341
5850 96.0 7.270 8.927
5860 96.0 7.616 8.796
5970 97.0 14.796 8.119
5980 97.0 14.250 8.223
5990 97.0 13.705 8.328
6000 97.0 13.160 8.426
6010 97.0 12.616 8.511
6020 97.0 12.073 8.596
6030 97.0 11.520 8.698
6040 97.0 10.928 8.869
6050 97.0 10.668 9.569
6060 97.0 10.563 9.902
6070 97.0 10.411 10.078
6080 97.0 9.504 10.336
6090 97.0 10.217 11.298
6100 97.0 8.252 11.224
6110 97.0 7.668 11.569
6120 97.0 7.696 11.744
6130 97.0 8.853 11.020
6140 97.0 7.100 12.503
6150 97.0 6.623 12.892
6160 97.0 5.666 13.404
5970 98.0 14.748 8.769
5980 98.0 14.275 8.836
5990 98.0 13.801 8.903
6000 98.0 13.304 8.988
6010 98.0 12.752 9.115
6020 98.0 12.199 9.241
6030 98.0 11.650 9.369
6040 98.0 11.134 9.499
6050 98.0 11.286 9.203
6060 98.0 10.757 9.490
6070 98.0 10.047 10.089
6080 98.0 9.975 9.773
6090 98.0 9.718 9.963
6100 98.0 9.875 10.161
6110 98.0 9.160 10.019
6120 98.0 8.802 10.600
6130 98.0 8.112 10.310
6140 98.0 7.134 10.532
6150 98.0 7.548 10.726
6160 98.0 7.378 11.046
6040 99.0 14.923 8.732
6050 99.0 14.300 8.834
6060 99.0 13.676 8.936
6070 99.0 13.055 9.022
6080 99.0 12.439 9.084
6090 99.0 11.824 9.146
6100 99.0 11.192 9.235
6110 99.0 10.554 9.337
6120 99.0 10.941 9.812
6130 99.0 9.935 10.330
6140 99.0 10.425 10.120
6150 99.0 8.702 10.733
6160 99.0 9.001 10.242
6170 99.0 8.439 10.239
6180 99.0 8.179 10.818
6190 99.0 8.372 10.906
6200 99.0 8.002 10.643
6210 99.0 8.648 11.444
6220 99.0 6.471 11.217
6230 99.0 6.592 11.305
6290 104.0 0.542 13.766
6300 104.0 1.198 13.670
6310 104.0 1.853 13.575
6320 104.0 2.509 13.480
6330 104.0 3.161 13.386
6340 104.0 3.807 13.299
6350 104.0 4.452 13.211
6360 104.0 5.120 13.120
6370 104.0 5.054 12.712
6380 104.0 4.964 12.921
6390 104.0 5.483 12.507
6400 104.0 5.096 12.799
6410 104.0 6.316 12.284
6420 104.0 6.526 11.648
6430 104.0 5.702 13.121
6440 104.0 5.273 13.075
6450 104.0 6.838 12.953
6460 104.0 6.464 12.855
6470 104.0 5.447 12.396
6480 104.0 9.151 11.548
6360 105.0 -0.063 13.025
6370 105.0 0.358 12.964
6380 105.0 0.779 12.903
6390 105.0 1.200 12.842
6400 105.0 1.621 12.780
6410 105.0 2.076 12.719
6420 105.0 2.540 12.658
6430 105.0 3.004 12.597
6440 105.0 2.768 12.770
6450 105.0 3.717 13.503
6460 105.0 4.556 13.246
6470 105.0 4.441 13.077
6480 105.0 4.925 12.955
6490 105.0 5.140 12.885
6500 105.0 4.784 13.131
6510 105.0 4.582 13.625
6520 105.0 5.142 12.676
6530 105.0 6.205 12.918
6540 105.0 5.139 13.392
6550 105.0 5.716 13.394
6430 106.0 14.985 8.759
6440 106.0 14.404 8.768
6450 106.0 13.823 8.778
6460 106.0 13.237 8.847
6470 106.0 12.646 8.976
6480 106.0 12.056 9.104
6490 106.0 11.515 9.282
6500 106.0 10.980 9.467
6510 106.0 12.731 8.624
6520 106.0 12.080 8.961
6530 106.0 11.628 9.588
6540 106.0 10.395 9.615
6550 106.0 10.124 9.132
6560 106.0 10.251 9.766
6570 106.0 9.673 9.725
6580 106.0 9.202 10.082
6590 106.0 8.948 9.627
6600 106.0 8.443 10.470
6610 106.0 8.965 10.104
6620 106.0 7.802 11.071
6430 107.0 15.256 8.168
6440 107.0 14.633 8.228
6450 107.0 14.011 8.287
6460 107.0 13.388 8.354
6470 107.0 12.764 8.436
6480 107.0 12.139 8.518
6490 107.0 11.526 8.645
6500 107.0 10.927 8.839
6510 107.0 11.851 9.505
6520 107.0 11.558 9.413
6530 107.0 11.465 9.571
6540 107.0 11.652 9.105
6550 107.0 10.967 9.264
6560 107.0 9.947 9.817
6570 107.0 9.872 9.723
6580 107.0 8.532 9.929
6590 107.0 8.365 10.959
6600 107.0 8.254 11.054
6610 107.0 7.287 10.965
6620 107.0 6.794 11.741
6890 112.0 14.822 7.432
6900 112.0 14.138 7.575
6910 112.0 13.454 7.718
6920 112.0 12.808 7.883
6930 112.0 12.166 8.050
6940 112.0 11.499 8.203
6950 112.0 10.829 8.355
6960 112.0 10.210 8.506
6970 112.0 9.994 8.942
6980 112.0 10.282 8.704
6990 112.0 9.956 8.731
7000 112.0 9.656 8.334
7010 112.0 8.410 8.758
7020 112.0 9.082 8.741
7030 112.0 9.390 9.107
7040 112.0 8.695 8.675
7050 112.0 6.963 9.162
7060 112.0 7.858 8.972
7070 112.0 8.030 9.229
7080 112.0 6.663 9.927
6890 113.0 15.008 8.077
6900 113.0 14.358 8.208
6910 113.0 13.707 8.338
6920 113.0 13.098 8.473
6930 113.0 12.507 8.611
6940 113.0 11.917 8.748
6950 113.0 11.329 8.877
6960 113.0 10.742 9.007
6970 113.0 10.936 9.524
6980 113.0 10.899 9.137
6990 113.0 10.327 9.548
7000 113.0 10.180 9.656
7010 113.0 9.547 9.762
7020 113.0 8.742 9.643
7030 113.0 9.519 10.224
7040 113.0 8.908 10.832
7050 113.0 8.299 11.060
7060 113.0 8.429 11.108
7070 113.0 7.521 11.857
7080 113.0 8.610 11.376
7170 116.0 0.084 11.050
7180 116.0 0.602 10.967
7190 116.0 1.120 10.885
7200 116.0 1.610 10.795
7210 116.0 2.056 10.693
7220 116.0 2.503 10.592
7230 116.0 2.956 10.490
7240 116.0 3.470 10.375
7250 116.0 3.722 10.711
7260 116.0 4.006 10.560
7270 116.0 4.454 10.100
7280 116.0 3.790 11.332
7290 116.0 4.083 10.783
7300 116.0 3.889 11.221
7310 116.0 3.284 11.397
7320 116.0 4.873 10.913
7330 116.0 4.503 11.393
7340 116.0 4.189 11.668
7350 116.0 4.744 11.292
7360 116.0 4.528 11.195
7180 117.0 0.255 10.400
7190 117.0 0.755 10.300
7200 117.0 1.255 10.201
7210 117.0 1.765 10.106
7220 117.0 2.276 10.013
7230 117.0 2.792 9.914
7240 117.0 3.347 9.771
7250 117.0 3.903 9.628
7260 117.0 3.047 9.374
7270 117.0 3.557 9.411
7280 117.0 3.429 9.312
7290 117.0 4.413 9.345
7300 117.0 4.579 8.504
7310 117.0 4.962 8.158
7320 117.0 4.701 8.235
7330 117.0 5.813 8.099
7340 117.0 4.498 8.312
7350 117.0 4.964 8.254
7360 117.0 6.755 7.541
7370 117.0 6.345 7.192
