0 32.0 13.493 39.901
12 32.0 13.493 39.751
24 32.0 13.493 39.602
36 32.0 13.493 39.528
48 32.0 13.567 39.453
60 32.0 13.567 39.304
72 32.0 13.567 39.230
84 32.0 13.605 39.155
96 32.0 13.684 38.952
108 32.0 13.434 38.563
120 32.0 13.566 38.308
132 32.0 13.556 37.674
144 32.0 13.207 37.413
156 32.0 13.178 36.724
168 32.0 13.279 36.106
180 32.0 13.469 36.300
192 32.0 13.307 35.352
204 32.0 13.129 34.576
216 32.0 12.886 33.684
228 32.0 12.982 33.681
0 36.0 2.497 -8.815
12 36.0 2.497 -8.815
24 36.0 2.497 -8.815
36 36.0 2.497 -8.815
48 36.0 2.497 -8.815
60 36.0 2.497 -8.815
72 36.0 2.497 -8.815
84 36.0 2.497 -8.815
96 36.0 2.581 -8.764
108 36.0 2.657 -8.740
120 36.0 2.623 -8.736
132 36.0 2.600 -8.708
144 36.0 2.618 -8.650
156 36.0 2.611 -8.666
168 36.0 2.519 -8.742
180 36.0 2.571 -8.724
192 36.0 2.568 -8.612
204 36.0 2.588 -8.544
216 36.0 2.570 -8.579
228 36.0 2.646 -8.643
0 89.0 14.294 38.782
12 89.0 14.294 38.596
24 89.0 14.294 38.596
36 89.0 14.294 38.596
48 89.0 14.294 38.521
60 89.0 14.294 38.521
72 89.0 14.294 38.447
84 89.0 14.294 38.447
96 89.0 14.301 38.534
108 89.0 14.299 38.550
120 89.0 14.351 38.441
132 89.0 14.399 38.530
144 89.0 14.303 38.557
156 89.0 14.344 38.477
168 89.0 14.379 38.428
180 89.0 14.540 38.443
192 89.0 14.438 38.561
204 89.0 14.418 38.587
216 89.0 14.522 38.485
228 89.0 14.321 38.530
0 91.0 -4.380 17.854
12 91.0 -3.895 17.388
24 91.0 -3.261 17.239
36 91.0 -2.665 17.239
48 91.0 -2.031 17.239
60 91.0 -1.360 17.239
72 91.0 -0.727 17.090
84 91.0 -0.242 17.090
96 91.0 -0.258 16.245
108 91.0 -0.257 16.264
120 91.0 0.102 16.058
132 91.0 1.135 15.744
144 91.0 0.992 15.918
156 91.0 1.460 15.912
168 91.0 2.679 15.729
180 91.0 2.537 15.880
192 91.0 1.829 16.116
204 91.0 1.810 14.418
216 91.0 2.197 14.129
228 91.0 2.170 14.555
0 93.0 -7.119 48.268
12 93.0 -7.194 47.802
24 93.0 -7.194 47.355
36 93.0 -7.045 46.889
48 93.0 -6.709 46.274
60 93.0 -6.299 45.827
72 93.0 -5.945 45.342
84 93.0 -5.591 44.746
96 93.0 -6.649 44.527
108 93.0 -6.400 44.363
120 93.0 -6.660 43.952
132 93.0 -6.862 43.200
144 93.0 -6.602 42.567
156 93.0 -6.789 43.181
168 93.0 -6.820 42.109
180 93.0 -6.764 40.946
192 93.0 -7.048 40.907
204 93.0 -6.881 40.219
216 93.0 -7.158 38.697
228 93.0 -6.682 39.862
0 95.0 -9.915 43.516
12 95.0 -9.579 44.597
24 95.0 -9.244 45.827
36 95.0 -8.834 46.889
48 95.0 -8.424 48.101
60 95.0 -7.939 49.331
72 95.0 -7.455 50.486
84 95.0 -7.045 51.716
96 95.0 -7.422 48.862
108 95.0 -7.588 54.301
120 95.0 -6.295 46.688
132 95.0 -7.037 51.501
144 95.0 -6.953 47.295
156 95.0 -7.008 48.356
168 95.0 -7.775 51.596
180 95.0 -7.356 44.937
192 95.0 -6.558 49.253
204 95.0 -7.271 49.354
216 95.0 -8.908 47.008
228 95.0 -8.241 47.312
24 97.0 -25.867 19.848
36 97.0 -25.047 19.848
48 97.0 -24.283 19.848
60 97.0 -23.463 19.848
72 97.0 -22.718 19.848
84 97.0 -21.898 19.848
96 97.0 -21.134 19.699
108 97.0 -20.388 19.699
120 97.0 -22.365 20.050
132 97.0 -22.313 19.515
144 97.0 -21.898 19.775
156 97.0 -21.116 20.304
168 97.0 -21.808 20.676
180 97.0 -21.796 20.027
192 97.0 -21.230 20.184
204 97.0 -22.041 19.798
216 97.0 -21.953 20.512
228 97.0 -21.411 20.781
240 97.0 -22.462 21.006
252 97.0 -21.668 21.097
180 99.0 -18.413 -13.400
192 99.0 -18.711 -12.952
204 99.0 -18.897 -12.468
216 99.0 -19.121 -12.020
228 99.0 -19.307 -11.424
240 99.0 -19.382 -10.940
252 99.0 -19.382 -10.343
264 99.0 -19.382 -9.877
276 99.0 -19.440 -10.146
288 99.0 -19.780 -10.033
300 99.0 -19.720 -10.091
312 99.0 -19.904 -9.194
324 99.0 -19.624 -9.251
336 99.0 -19.623 -8.801
348 99.0 -19.405 -8.060
360 99.0 -19.678 -7.808
372 99.0 -19.800 -7.787
384 99.0 -19.973 -6.866
396 99.0 -20.010 -6.005
408 99.0 -20.038 -3.929
228 100.0 -18.338 -13.250
240 100.0 -18.636 -12.952
252 100.0 -18.711 -12.486
264 100.0 -18.785 -11.946
276 100.0 -18.841 -11.499
288 100.0 -18.897 -10.940
300 100.0 -18.972 -10.492
312 100.0 -19.009 -10.045
324 100.0 -18.973 -10.050
336 100.0 -18.636 -10.031
348 100.0 -18.512 -9.883
360 100.0 -18.760 -9.661
372 100.0 -18.959 -9.594
384 100.0 -18.808 -9.237
396 100.0 -18.527 -9.163
408 100.0 -18.709 -9.401
420 100.0 -18.861 -9.338
432 100.0 -18.888 -8.695
444 100.0 -18.719 -8.174
456 100.0 -18.864 -7.502
240 33.0 13.847 37.701
252 33.0 13.865 37.701
264 33.0 13.865 37.552
276 33.0 13.865 37.403
288 33.0 13.903 37.310
300 33.0 13.940 37.217
312 33.0 13.940 37.068
324 33.0 13.940 36.993
336 33.0 13.885 36.988
348 33.0 13.832 36.737
360 33.0 14.018 36.856
372 33.0 14.163 36.772
384 33.0 13.980 36.645
396 33.0 14.067 36.036
408 33.0 14.241 35.714
420 33.0 14.291 35.422
432 33.0 14.137 35.260
444 33.0 14.222 34.806
456 33.0 14.322 34.535
468 33.0 14.240 33.870
240 37.0 2.497 -8.815
252 37.0 2.497 -8.815
264 37.0 2.497 -8.815
276 37.0 2.497 -8.815
288 37.0 2.497 -8.815
300 37.0 2.497 -8.815
312 37.0 2.497 -8.815
324 37.0 2.497 -8.815
336 37.0 2.528 -8.817
348 37.0 2.491 -8.835
360 37.0 2.539 -8.807
372 37.0 2.507 -8.765
384 37.0 2.496 -8.801
396 37.0 2.569 -8.758
408 37.0 2.567 -8.751
420 37.0 2.532 -8.790
432 37.0 2.515 -8.772
444 37.0 2.520 -8.819
456 37.0 2.499 -8.817
468 37.0 2.418 -8.841
240 90.0 14.406 38.000
252 90.0 14.406 37.925
264 90.0 14.406 37.925
276 90.0 14.406 37.925
288 90.0 14.406 37.851
300 90.0 14.406 37.851
312 90.0 14.406 37.776
324 90.0 14.425 37.776
336 90.0 14.530 37.811
348 90.0 14.574 37.814
360 90.0 14.621 37.831
372 90.0 14.550 37.928
384 90.0 14.457 37.881
396 90.0 14.445 38.017
408 90.0 14.487 37.975
420 90.0 14.516 37.973
432 90.0 14.487 37.968
444 90.0 14.428 38.023
456 90.0 14.420 38.039
468 90.0 14.351 38.054
240 92.0 6.591 16.942
252 92.0 6.286 16.954
264 92.0 5.981 16.966
276 92.0 5.676 16.978
288 92.0 5.371 16.990
300 92.0 5.066 17.003
312 92.0 4.762 17.015
324 92.0 4.457 17.027
336 92.0 3.972 17.514
348 92.0 4.125 17.548
360 92.0 2.992 17.718
372 92.0 3.158 17.467
384 92.0 3.229 17.422
396 92.0 1.989 18.119
408 92.0 2.126 17.663
420 92.0 1.300 18.189
432 92.0 1.442 18.785
444 92.0 0.444 18.788
456 92.0 -0.127 20.024
468 92.0 0.774 19.201
240 94.0 -1.752 48.734
252 94.0 -1.565 49.181
264 94.0 -1.342 49.647
276 94.0 -1.155 50.113
288 94.0 -0.932 50.561
300 94.0 -0.745 51.026
312 94.0 -0.522 51.492
324 94.0 -0.373 51.865
336 94.0 -1.007 51.158
348 94.0 -1.283 50.756
360 94.0 -1.036 51.165
372 94.0 -1.207 50.922
384 94.0 -0.893 51.773
396 94.0 -0.877 52.519
408 94.0 -0.776 52.487
420 94.0 -1.047 52.156
432 94.0 -0.663 54.578
444 94.0 -0.204 53.580
456 94.0 -0.784 52.921
468 94.0 -0.667 55.567
240 96.0 -6.814 52.214
252 96.0 -6.812 52.218
264 96.0 -6.810 52.222
276 96.0 -6.808 52.226
288 96.0 -6.806 52.230
300 96.0 -6.804 52.234
312 96.0 -6.802 52.239
324 96.0 -6.800 52.243
336 96.0 -6.792 52.279
348 96.0 -6.819 52.229
360 96.0 -6.742 52.236
372 96.0 -6.758 52.161
384 96.0 -6.752 52.151
396 96.0 -6.790 52.231
408 96.0 -6.781 52.207
420 96.0 -6.802 52.175
432 96.0 -6.782 52.204
444 96.0 -6.806 52.208
456 96.0 -6.832 52.235
468 96.0 -6.840 52.235
264 98.0 -10.157 19.699
276 98.0 -9.411 19.699
288 98.0 -8.591 19.699
300 98.0 -7.827 19.699
312 98.0 -7.007 19.699
324 98.0 -6.243 19.699
336 98.0 -5.423 19.699
348 98.0 -4.473 19.699
360 98.0 -6.817 19.587
372 98.0 -7.056 19.920
384 98.0 -6.549 20.045
396 98.0 -6.550 20.072
408 98.0 -6.192 19.806
420 98.0 -5.627 20.229
432 98.0 -4.901 19.820
444 98.0 -5.405 20.092
456 98.0 -5.738 20.107
468 98.0 -5.471 19.908
480 98.0 -6.233 20.433
492 98.0 -6.211 20.240
276 7.0 -3.988 -13.921
288 7.0 -4.137 -13.474
300 7.0 -4.193 -13.027
312 7.0 -4.324 -12.393
324 7.0 -4.473 -11.946
336 7.0 -4.547 -11.499
348 7.0 -4.678 -11.014
360 7.0 -4.734 -10.567
372 7.0 -4.442 -10.221
384 7.0 -4.492 -10.562
396 7.0 -4.518 -9.986
408 7.0 -4.300 -10.676
420 7.0 -4.364 -9.956
432 7.0 -4.345 -8.967
444 7.0 -4.250 -8.801
456 7.0 -4.420 -7.657
468 7.0 -4.211 -8.088
480 7.0 -4.406 -7.766
492 7.0 -3.987 -6.954
504 7.0 -4.242 -6.247
276 26.0 -5.088 -14.089
288 26.0 -5.144 -13.623
300 26.0 -5.293 -13.250
312 26.0 -5.367 -12.803
324 26.0 -5.442 -12.319
336 26.0 -5.535 -11.871
348 26.0 -5.628 -11.499
360 26.0 -5.703 -11.014
372 26.0 -5.780 -11.083
384 26.0 -5.692 -10.939
396 26.0 -5.805 -10.163
408 26.0 -5.835 -9.193
420 26.0 -5.710 -9.372
432 26.0 -5.505 -9.045
444 26.0 -5.549 -9.371
456 26.0 -5.737 -7.888
468 26.0 -5.371 -7.724
480 26.0 -5.247 -7.823
492 26.0 -5.647 -5.887
504 26.0 -5.246 -4.916
480 34.0 14.760 35.018
492 34.0 14.909 34.869
504 34.0 14.835 34.869
516 34.0 14.667 35.018
528 34.0 14.499 35.241
540 34.0 14.387 35.465
552 34.0 14.220 35.689
564 34.0 14.015 35.856
576 34.0 14.320 35.645
588 34.0 14.148 35.543
600 34.0 14.387 35.857
612 34.0 14.164 35.921
624 34.0 14.181 35.992
636 34.0 14.396 36.091
648 34.0 14.251 35.767
660 34.0 14.259 35.947
672 34.0 14.169 36.256
684 34.0 14.178 36.766
696 34.0 14.014 36.897
708 34.0 14.040 37.642
480 38.0 2.497 -8.815
492 38.0 2.497 -8.815
504 38.0 2.460 -8.890
516 38.0 2.460 -8.890
528 38.0 2.460 -8.890
540 38.0 2.460 -8.890
552 38.0 2.460 -8.890
564 38.0 2.460 -8.890
576 38.0 2.493 -8.953
588 38.0 2.451 -8.922
600 38.0 2.470 -8.927
612 38.0 2.437 -8.922
624 38.0 2.409 -8.830
636 38.0 2.487 -8.878
648 38.0 2.385 -8.816
660 38.0 2.396 -8.919
672 38.0 2.449 -8.898
684 38.0 2.468 -8.927
696 38.0 2.453 -8.889
708 38.0 2.377 -8.872
504 31.0 -20.370 1.062
516 31.0 -20.668 1.547
528 31.0 -21.003 1.994
540 31.0 -21.264 2.441
552 31.0 -21.618 2.926
564 31.0 -21.898 3.373
576 31.0 -22.233 3.820
588 31.0 -22.569 4.156
600 31.0 -22.550 3.810
612 31.0 -22.787 3.437
624 31.0 -23.899 3.701
636 31.0 -22.615 3.046
648 31.0 -23.621 3.473
660 31.0 -23.866 3.325
672 31.0 -24.275 3.691
684 31.0 -24.236 3.951
696 31.0 -25.155 4.213
708 31.0 -25.160 4.440
720 31.0 -25.388 4.692
732 31.0 -26.358 5.320
504 145.0 14.555 36.621
516 145.0 14.220 36.621
528 145.0 13.884 36.621
540 145.0 13.549 36.621
552 145.0 13.195 36.621
564 145.0 12.840 36.621
576 145.0 12.654 36.770
588 145.0 12.430 36.770
600 145.0 12.604 37.016
612 145.0 11.646 36.835
624 145.0 12.310 37.435
636 145.0 11.402 37.485
648 145.0 11.085 37.892
660 145.0 10.315 37.851
672 145.0 9.237 38.308
684 145.0 8.515 38.693
696 145.0 8.083 39.097
708 145.0 9.011 38.281
720 145.0 9.871 38.660
732 145.0 7.860 40.004
516 8.0 -6.299 -4.119
528 8.0 -6.485 -3.597
540 8.0 -6.709 -3.150
552 8.0 -6.933 -2.665
564 8.0 -7.156 -2.143
576 8.0 -7.343 -1.677
588 8.0 -7.678 -1.286
600 8.0 -7.976 -0.988
612 8.0 -7.678 -1.882
624 8.0 -7.893 -0.878
636 8.0 -8.345 -0.402
648 8.0 -8.650 -0.181
660 8.0 -8.943 -0.327
672 8.0 -9.115 -0.316
684 8.0 -8.761 0.354
696 8.0 -10.034 0.415
708 8.0 -9.329 0.371
720 8.0 -9.590 1.830
732 8.0 -9.278 -0.852
744 8.0 -9.820 2.331
516 27.0 -7.045 -5.200
528 27.0 -7.305 -4.603
540 27.0 -7.529 -4.119
552 27.0 -7.753 -3.671
564 27.0 -8.051 -3.056
576 27.0 -8.237 -2.590
588 27.0 -8.517 -2.143
600 27.0 -8.796 -1.677
612 27.0 -9.366 -2.263
624 27.0 -9.053 -1.996
636 27.0 -9.141 -1.881
648 27.0 -9.541 -0.658
660 27.0 -9.352 -0.743
672 27.0 -9.017 -1.358
684 27.0 -9.922 -0.193
696 27.0 -10.758 -0.406
708 27.0 -10.091 0.387
720 27.0 -11.216 1.025
732 27.0 -10.258 0.485
744 27.0 -10.842 1.897
720 35.0 9.970 40.460
732 35.0 9.635 40.609
744 35.0 9.355 40.907
756 35.0 9.001 41.056
768 35.0 8.666 41.205
780 35.0 8.330 41.522
792 35.0 7.920 41.839
804 35.0 7.566 42.137
816 35.0 8.168 41.923
828 35.0 7.597 42.339
840 35.0 6.907 42.432
852 35.0 7.048 42.927
864 35.0 6.384 43.052
876 35.0 5.762 43.347
888 35.0 5.776 43.913
900 35.0 5.354 44.623
912 35.0 5.155 44.216
924 35.0 4.277 44.619
936 35.0 3.539 44.448
948 35.0 3.942 44.606
720 39.0 2.460 -8.964
732 39.0 2.460 -8.964
744 39.0 2.460 -8.964
756 39.0 2.460 -8.964
768 39.0 2.460 -8.964
780 39.0 2.460 -8.964
792 39.0 2.460 -8.964
804 39.0 2.460 -8.964
816 39.0 2.334 -8.966
828 39.0 2.357 -8.930
840 39.0 2.448 -8.923
852 39.0 2.433 -8.962
864 39.0 2.443 -8.939
876 39.0 2.454 -9.016
888 39.0 2.444 -8.979
900 39.0 2.454 -8.980
912 39.0 2.475 -8.999
924 39.0 2.480 -9.041
936 39.0 2.445 -9.059
948 39.0 2.440 -9.042
744 64.0 4.845 14.033
756 64.0 4.510 13.884
768 64.0 4.175 13.716
780 64.0 3.839 13.716
792 64.0 3.504 13.549
804 64.0 3.131 13.400
816 64.0 2.795 13.250
828 64.0 2.535 13.101
840 64.0 2.840 14.373
852 64.0 2.909 13.970
864 64.0 2.015 13.721
876 64.0 1.971 14.054
888 64.0 1.685 14.320
900 64.0 1.466 14.639
912 64.0 1.444 14.862
924 64.0 0.310 14.640
936 64.0 0.189 14.351
948 64.0 -1.140 15.199
960 64.0 -1.150 14.296
972 64.0 -0.779 14.973
744 146.0 8.051 39.230
756 146.0 7.566 39.528
768 146.0 7.156 39.677
780 146.0 6.802 39.826
792 146.0 6.541 40.143
804 146.0 6.336 40.311
816 146.0 6.057 40.460
828 146.0 5.796 40.609
840 146.0 5.252 41.224
852 146.0 4.651 41.123
864 146.0 4.146 42.021
876 146.0 3.574 42.169
888 146.0 2.458 42.406
900 146.0 2.823 42.713
912 146.0 1.301 43.007
924 146.0 1.732 42.652
936 146.0 1.379 43.688
948 146.0 1.396 43.293
960 146.0 0.616 44.935
972 146.0 0.855 43.433
756 9.0 -12.635 3.448
768 9.0 -13.045 3.746
780 9.0 -13.455 4.063
792 9.0 -13.865 4.380
804 9.0 -14.275 4.827
816 9.0 -14.611 5.125
828 9.0 -15.021 5.442
840 9.0 -15.431 5.759
852 9.0 -15.990 5.796
864 9.0 -16.187 5.918
876 9.0 -17.112 6.582
888 9.0 -17.006 6.542
900 9.0 -17.346 7.284
912 9.0 -18.266 7.458
924 9.0 -18.111 7.352
936 9.0 -19.265 7.928
948 9.0 -19.799 8.287
960 9.0 -19.760 8.588
972 9.0 -20.480 9.155
984 9.0 -16.939 5.995
756 28.0 -13.195 2.609
768 28.0 -13.605 2.926
780 28.0 -13.940 3.224
792 28.0 -14.350 3.522
804 28.0 -14.760 3.820
816 28.0 -15.170 4.156
828 28.0 -15.505 4.454
840 28.0 -15.915 4.752
852 28.0 -16.106 4.915
864 28.0 -16.116 4.504
876 28.0 -17.365 5.063
888 28.0 -17.462 5.515
900 28.0 -18.640 6.029
912 28.0 -18.156 5.429
924 28.0 -19.219 6.668
936 28.0 -20.191 6.424
948 28.0 -19.716 6.429
960 28.0 -20.588 6.908
972 28.0 -20.525 7.363
984 28.0 -20.865 8.040
984 65.0 0.820 9.747
996 65.0 0.820 9.262
1008 65.0 0.783 8.890
1020 65.0 0.783 8.424
1032 65.0 0.745 7.976
1044 65.0 0.745 7.510
1056 65.0 0.745 7.119
1068 65.0 0.708 6.597
1080 65.0 0.733 6.712
1092 65.0 1.033 6.545
1104 65.0 0.802 5.919
1116 65.0 1.010 5.730
1128 65.0 0.774 5.135
1140 65.0 0.667 4.759
1152 65.0 0.563 4.226
1164 65.0 0.442 3.179
1176 65.0 0.542 2.894
1188 65.0 0.515 3.217
1200 65.0 0.435 2.725
1212 65.0 0.473 1.843
984 147.0 4.007 41.839
996 147.0 4.007 41.839
1008 147.0 4.268 41.596
1020 147.0 4.752 41.447
1032 147.0 5.069 41.373
1044 147.0 5.069 41.373
1056 147.0 4.995 41.522
1068 147.0 4.920 41.671
1080 147.0 4.746 41.611
1092 147.0 5.070 41.601
1104 147.0 5.584 41.480
1116 147.0 5.514 41.226
1128 147.0 5.875 41.547
1140 147.0 6.047 41.272
1152 147.0 6.354 41.402
1164 147.0 6.447 41.308
1176 147.0 6.941 41.397
1188 147.0 7.403 41.327
1200 147.0 7.590 41.233
1212 147.0 7.929 41.397
996 101.0 2.963 -5.144
1008 101.0 2.590 -5.889
1020 101.0 2.590 -5.889
1032 101.0 2.590 -5.889
1044 101.0 2.516 -5.889
1056 101.0 2.516 -5.889
1068 101.0 2.516 -5.889
1080 101.0 2.460 -5.889
1092 101.0 2.586 -6.284
1104 101.0 2.534 -6.756
1116 101.0 2.496 -6.970
1128 101.0 2.620 -7.199
1140 101.0 2.906 -7.682
1152 101.0 2.779 -8.579
1164 101.0 2.579 -9.017
1176 101.0 2.471 -9.428
1188 101.0 2.804 -9.688
1200 101.0 2.650 -10.339
1212 101.0 2.892 -10.718
1224 101.0 2.726 -10.940
1188 55.0 -5.367 -14.480
1200 55.0 -5.870 -14.331
1212 55.0 -6.225 -14.015
1224 55.0 -6.560 -13.549
1236 55.0 -6.895 -13.250
1248 55.0 -7.250 -12.952
1260 55.0 -7.604 -12.635
1272 55.0 -7.939 -12.170
1284 55.0 -7.736 -12.309
1296 55.0 -8.191 -12.390
1308 55.0 -8.718 -11.942
1320 55.0 -9.021 -11.863
1332 55.0 -9.492 -11.795
1344 55.0 -9.402 -11.862
1356 55.0 -10.456 -11.397
1368 55.0 -11.121 -10.511
1380 55.0 -11.528 -10.597
1392 55.0 -12.439 -10.177
1404 55.0 -12.852 -9.807
1416 55.0 -12.191 -10.331
1200 50.0 -4.883 -14.089
1212 50.0 -5.218 -13.791
1224 50.0 -5.572 -13.493
1236 50.0 -5.908 -13.157
1248 50.0 -6.262 -13.008
1260 50.0 -6.597 -12.710
1272 50.0 -7.007 -12.412
1284 50.0 -7.343 -12.114
1296 50.0 -8.016 -12.091
1308 50.0 -8.154 -11.814
1320 50.0 -8.253 -11.826
1332 50.0 -9.134 -11.289
1344 50.0 -9.630 -11.147
1356 50.0 -10.054 -11.066
1368 50.0 -10.127 -11.115
1380 50.0 -11.244 -10.772
1392 50.0 -11.872 -10.063
1404 50.0 -10.618 -10.787
1416 50.0 -10.677 -10.065
1428 50.0 -11.723 -11.210
1200 53.0 -5.945 -14.015
1212 53.0 -6.280 -13.716
1224 53.0 -6.635 -13.418
1236 53.0 -6.970 -13.083
1248 53.0 -7.324 -12.785
1260 53.0 -7.660 -12.486
1272 53.0 -7.995 -12.039
1284 53.0 -8.275 -11.704
1296 53.0 -8.007 -12.096
1308 53.0 -8.203 -11.873
1320 53.0 -8.581 -11.622
1332 53.0 -9.233 -10.688
1344 53.0 -8.789 -11.271
1356 53.0 -9.777 -11.275
1368 53.0 -9.561 -11.527
1380 53.0 -10.146 -10.925
1392 53.0 -10.339 -10.768
1404 53.0 -10.493 -10.811
1416 53.0 -10.096 -11.185
1428 53.0 -10.623 -10.912
1224 66.0 -0.075 1.249
1236 66.0 -0.298 0.913
1248 66.0 -0.485 0.615
1260 66.0 -0.634 0.317
1272 66.0 -0.969 -0.130
1284 66.0 -1.249 -0.466
1296 66.0 -1.528 -0.764
1308 66.0 -1.789 -1.062
1320 66.0 -1.944 -1.206
1332 66.0 -1.623 -1.888
1344 66.0 -1.804 -2.173
1356 66.0 -2.125 -2.091
1368 66.0 -2.784 -3.631
1380 66.0 -2.294 -4.409
1392 66.0 -2.107 -4.637
1404 66.0 -2.104 -4.904
1416 66.0 -1.515 -5.526
1428 66.0 -1.647 -5.578
1440 66.0 -1.406 -6.279
1452 66.0 -2.248 -5.018
1224 148.0 4.510 42.752
1236 148.0 4.510 42.752
1248 148.0 4.510 42.752
1260 148.0 4.510 42.752
1272 148.0 4.510 42.752
1284 148.0 4.510 42.752
1296 148.0 4.510 42.752
1308 148.0 4.510 42.752
1320 148.0 4.553 42.798
1332 148.0 4.632 42.748
1344 148.0 4.598 42.776
1356 148.0 4.609 42.772
1368 148.0 4.558 42.864
1380 148.0 4.623 42.885
1392 148.0 4.615 42.907
1404 148.0 4.660 42.781
1416 148.0 4.670 42.775
1428 148.0 4.664 42.786
1440 148.0 4.653 42.782
1452 148.0 4.632 42.817
1236 102.0 2.180 -5.889
1248 102.0 2.180 -5.889
1260 102.0 2.180 -6.038
1272 102.0 2.106 -6.038
1284 102.0 2.106 -6.038
1296 102.0 2.106 -6.038
1308 102.0 2.031 -6.038
1320 102.0 2.031 -6.038
1332 102.0 1.983 -6.064
1344 102.0 2.196 -5.981
1356 102.0 2.106 -5.898
1368 102.0 2.080 -5.893
1380 102.0 2.129 -5.862
1392 102.0 2.150 -5.893
1404 102.0 2.142 -5.860
1416 102.0 2.126 -5.897
1428 102.0 2.112 -5.875
1440 102.0 2.134 -5.911
1452 102.0 2.159 -5.937
1464 102.0 2.140 -5.964
1428 56.0 -12.393 -7.734
1440 56.0 -12.747 -7.436
1452 56.0 -13.083 -6.970
1464 56.0 -13.344 -6.653
1476 56.0 -13.698 -6.206
1488 56.0 -14.033 -5.889
1500 56.0 -14.313 -5.423
1512 56.0 -14.760 -5.125
1524 56.0 -14.408 -5.237
1536 56.0 -14.318 -5.561
1548 56.0 -15.074 -5.071
1560 56.0 -15.190 -4.829
1572 56.0 -14.976 -4.300
1584 56.0 -15.422 -4.035
1596 56.0 -15.213 -3.917
1608 56.0 -16.146 -3.715
1620 56.0 -16.185 -3.989
1632 56.0 -16.453 -3.906
1644 56.0 -15.537 -4.970
1656 56.0 -15.700 -4.058
1440 51.0 -11.815 -6.895
1452 51.0 -12.076 -6.597
1464 51.0 -12.430 -6.113
1476 51.0 -12.840 -5.815
1488 51.0 -13.250 -5.367
1500 51.0 -13.586 -4.883
1512 51.0 -13.940 -4.510
1524 51.0 -14.201 -4.063
1536 51.0 -13.937 -4.694
1548 51.0 -14.562 -3.939
1560 51.0 -14.524 -3.583
1572 51.0 -14.498 -3.883
1584 51.0 -15.340 -3.665
1596 51.0 -15.519 -3.792
1608 51.0 -15.535 -3.439
1620 51.0 -15.512 -3.750
1632 51.0 -16.668 -2.463
1644 51.0 -16.458 -2.169
1656 51.0 -15.897 -2.996
1668 51.0 -15.552 -4.082
1440 54.0 -12.598 -7.417
1452 54.0 -12.952 -6.970
1464 54.0 -13.288 -6.672
1476 54.0 -13.549 -6.336
1488 54.0 -13.903 -6.038
1500 54.0 -14.182 -5.591
1512 54.0 -14.518 -5.218
1524 54.0 -14.853 -4.808
1536 54.0 -15.223 -5.142
1548 54.0 -15.511 -5.039
1560 54.0 -15.444 -4.930
1572 54.0 -15.942 -4.865
1584 54.0 -16.586 -4.349
1596 54.0 -17.518 -4.312
1608 54.0 -17.512 -4.035
1620 54.0 -18.484 -3.858
1632 54.0 -19.486 -3.582
1644 54.0 -18.055 -4.548
1656 54.0 -19.679 -3.798
1668 54.0 -18.502 -3.899
1464 67.0 -5.367 -4.901
1476 67.0 -5.628 -5.050
1488 67.0 -5.908 -5.349
1500 67.0 -6.113 -5.498
1512 67.0 -6.187 -5.572
1524 67.0 -6.187 -5.572
1536 67.0 -6.262 -5.572
1548 67.0 -6.262 -5.572
1560 67.0 -7.043 -5.500
1572 67.0 -7.363 -5.153
1584 67.0 -7.422 -5.197
1596 67.0 -7.020 -4.891
1608 67.0 -7.190 -5.138
1620 67.0 -7.845 -4.933
1632 67.0 -7.789 -4.567
1644 67.0 -8.277 -4.456
1656 67.0 -8.143 -4.475
1668 67.0 -7.329 -4.809
1680 67.0 -8.029 -4.100
1692 67.0 -7.756 -3.719
1464 149.0 4.510 42.752
1476 149.0 4.510 42.752
1488 149.0 4.510 42.752
1500 149.0 4.510 42.752
1512 149.0 4.473 42.752
1524 149.0 4.473 42.826
1536 149.0 4.473 42.976
1548 149.0 4.435 43.050
1560 149.0 4.514 42.927
1572 149.0 4.556 42.978
1584 149.0 4.499 43.043
1596 149.0 4.599 42.997
1608 149.0 4.572 42.963
1620 149.0 4.561 43.112
1632 149.0 4.467 43.101
1644 149.0 4.387 43.131
1656 149.0 4.471 43.024
1668 149.0 4.595 42.998
1680 149.0 4.487 42.937
1692 149.0 4.561 42.861
1476 103.0 1.770 -6.038
1488 103.0 1.770 -6.038
1500 103.0 1.770 -6.038
1512 103.0 1.733 -6.038
1524 103.0 1.733 -6.038
1536 103.0 1.733 -5.964
1548 103.0 1.733 -5.889
1560 103.0 1.733 -5.889
1572 103.0 1.682 -5.926
1584 103.0 1.709 -5.923
1596 103.0 1.725 -5.908
1608 103.0 1.794 -5.924
1620 103.0 1.772 -5.883
1632 103.0 1.799 -5.959
1644 103.0 1.810 -5.933
1656 103.0 1.772 -5.968
1668 103.0 1.770 -5.946
1680 103.0 1.786 -5.960
1692 103.0 1.783 -5.950
1704 103.0 1.812 -5.935
1500 139.0 3.466 44.280
1512 139.0 3.466 44.280
1524 139.0 3.466 44.280
1536 139.0 3.466 44.280
1548 139.0 3.466 44.280
1560 139.0 3.466 44.280
1572 139.0 3.466 44.280
1584 139.0 3.466 44.280
1596 139.0 3.410 44.258
1608 139.0 3.421 44.272
1620 139.0 3.304 44.307
1632 139.0 3.322 44.244
1644 139.0 3.316 44.223
1656 139.0 3.387 44.302
1668 139.0 3.418 44.300
1680 139.0 3.414 44.308
1692 139.0 3.403 44.284
1704 139.0 3.428 44.321
1716 139.0 3.407 44.323
1728 139.0 3.411 44.360
1668 130.0 -25.811 15.915
1680 130.0 -25.588 14.872
1692 130.0 -25.178 14.257
1704 130.0 -24.842 13.791
1716 130.0 -24.432 13.325
1728 130.0 -24.022 12.729
1740 130.0 -23.612 12.263
1752 130.0 -23.277 11.797
1764 130.0 -23.490 12.349
1776 130.0 -23.652 12.929
1788 130.0 -23.251 11.571
1800 130.0 -23.290 11.515
1812 130.0 -23.045 12.805
1824 130.0 -22.796 11.226
1836 130.0 -23.167 13.297
1848 130.0 -21.185 10.358
1860 130.0 -21.232 10.084
1872 130.0 -22.006 11.859
1884 130.0 -21.355 10.893
1896 130.0 -21.898 11.634
1680 52.0 -18.245 1.994
1692 52.0 -18.655 2.292
1704 52.0 -19.028 2.777
1716 52.0 -19.438 3.075
1728 52.0 -19.773 3.522
1740 52.0 -20.183 3.820
1752 52.0 -20.593 4.305
1764 52.0 -20.929 4.603
1776 52.0 -21.142 4.598
1788 52.0 -21.237 4.955
1800 52.0 -21.060 5.376
1812 52.0 -21.939 4.860
1824 52.0 -21.518 5.092
1836 52.0 -22.625 5.431
1848 52.0 -22.199 5.855
1860 52.0 -23.176 5.700
1872 52.0 -22.735 5.502
1884 52.0 -23.694 6.127
1896 52.0 -24.450 7.015
1908 52.0 -24.602 6.469
1704 68.0 -6.597 -5.516
1716 68.0 -6.597 -5.516
1728 68.0 -6.635 -5.516
1740 68.0 -6.672 -5.516
1752 68.0 -6.709 -5.516
1764 68.0 -6.709 -5.516
1776 68.0 -6.746 -5.516
1788 68.0 -6.765 -5.516
1800 68.0 -6.708 -5.517
1812 68.0 -6.709 -5.522
1824 68.0 -6.772 -5.489
1836 68.0 -6.645 -5.468
1848 68.0 -6.662 -5.370
1860 68.0 -6.590 -5.374
1872 68.0 -6.607 -5.306
1884 68.0 -6.588 -5.272
1896 68.0 -6.605 -5.230
1908 68.0 -6.637 -5.360
1920 68.0 -6.593 -5.428
1932 68.0 -6.663 -5.395
1704 150.0 4.417 44.504
1716 150.0 4.417 44.597
1728 150.0 4.454 44.597
1740 150.0 4.454 44.429
1752 150.0 4.454 44.131
1764 150.0 4.454 43.982
1776 150.0 4.454 43.814
1788 150.0 4.529 43.516
1800 150.0 4.036 43.383
1812 150.0 4.315 43.310
1824 150.0 4.076 42.736
1836 150.0 4.265 42.665
1848 150.0 4.153 41.632
1860 150.0 4.431 41.952
1872 150.0 4.308 41.597
1884 150.0 4.297 40.384
1896 150.0 4.445 40.677
1908 150.0 4.021 40.591
1920 150.0 4.060 39.109
1932 150.0 3.937 38.715
1716 104.0 1.696 -5.293
1728 104.0 1.696 -5.144
1740 104.0 1.696 -5.144
1752 104.0 1.696 -5.050
1764 104.0 1.696 -5.050
1776 104.0 1.696 -4.957
1788 104.0 1.696 -4.883
1800 104.0 1.696 -4.883
1812 104.0 1.782 -4.857
1824 104.0 1.784 -4.900
1836 104.0 1.802 -4.923
1848 104.0 1.836 -4.828
1860 104.0 1.722 -4.843
1872 104.0 1.840 -4.893
1884 104.0 1.751 -5.150
1896 104.0 1.644 -5.157
1908 104.0 1.719 -5.158
1920 104.0 1.728 -5.142
1932 104.0 1.708 -5.034
1944 104.0 1.626 -4.901
1740 140.0 3.466 44.280
1752 140.0 3.466 44.280
1764 140.0 3.466 44.280
1776 140.0 3.466 44.280
1788 140.0 3.466 44.280
1800 140.0 3.466 44.280
1812 140.0 3.466 44.280
1824 140.0 3.466 44.280
1836 140.0 3.538 44.253
1848 140.0 3.573 44.208
1860 140.0 3.615 44.250
1872 140.0 3.647 44.310
1884 140.0 3.633 44.334
1896 140.0 3.616 44.355
1908 140.0 3.584 44.253
1920 140.0 3.514 44.217
1932 140.0 3.524 44.228
1944 140.0 3.528 44.241
1956 140.0 3.504 44.270
1968 140.0 3.491 44.270
1908 131.0 -20.798 3.839
1920 131.0 -20.724 3.075
1932 131.0 -20.593 2.460
1944 131.0 -20.519 1.845
1956 131.0 -20.370 1.230
1968 131.0 -20.370 0.615
1980 131.0 -20.314 -0.149
1992 131.0 -20.314 -0.764
2004 131.0 -20.551 -1.317
2016 131.0 -20.488 -1.422
2028 131.0 -20.315 -2.276
2040 131.0 -20.061 -1.997
2052 131.0 -20.238 -1.968
2064 131.0 -20.339 -2.263
2076 131.0 -19.864 -3.164
2088 131.0 -20.203 -3.277
2100 131.0 -20.207 -3.915
2112 131.0 -21.000 -4.646
2124 131.0 -20.492 -4.654
2136 131.0 -19.819 -5.218
1944 151.0 4.585 42.752
1956 151.0 4.585 42.752
1968 151.0 4.585 42.752
1980 151.0 4.585 42.752
1992 151.0 4.585 42.752
2004 151.0 4.529 42.752
2016 151.0 4.454 43.050
2028 151.0 4.380 43.292
2040 151.0 4.265 43.259
2052 151.0 4.459 43.244
2064 151.0 4.449 43.149
2076 151.0 4.504 43.144
2088 151.0 4.618 43.141
2100 151.0 4.689 43.124
2112 151.0 4.689 43.069
2124 151.0 4.617 42.997
2136 151.0 4.747 42.889
2148 151.0 4.729 42.871
2160 151.0 4.830 42.927
2172 151.0 4.774 42.909
1956 105.0 1.659 -4.212
1968 105.0 1.659 -4.212
1980 105.0 1.659 -4.137
1992 105.0 1.659 -4.137
2004 105.0 1.603 -3.988
2016 105.0 1.603 -3.820
2028 105.0 1.528 -3.522
2040 105.0 1.472 -3.355
2052 105.0 1.495 -3.189
2064 105.0 1.508 -3.125
2076 105.0 1.718 -2.971
2088 105.0 1.844 -3.005
2100 105.0 1.879 -2.880
2112 105.0 1.728 -2.514
2124 105.0 1.865 -1.781
2136 105.0 1.717 -1.057
2148 105.0 1.886 -1.294
2160 105.0 1.796 -0.818
2172 105.0 1.535 -0.595
2184 105.0 1.785 -1.219
1980 141.0 3.466 44.280
1992 141.0 3.466 44.280
2004 141.0 3.429 44.280
2016 141.0 3.429 44.280
2028 141.0 3.429 44.280
2040 141.0 3.429 44.280
2052 141.0 3.429 44.280
2064 141.0 3.429 44.280
2076 141.0 3.428 44.281
2088 141.0 3.536 44.274
2100 141.0 3.529 44.312
2112 141.0 3.532 44.278
2124 141.0 3.576 44.323
2136 141.0 3.526 44.295
2148 141.0 3.582 44.307
2160 141.0 3.552 44.303
2172 141.0 3.520 44.286
2184 141.0 3.580 44.269
2196 141.0 3.609 44.294
2208 141.0 3.621 44.257
2052 21.0 -18.264 -13.250
2064 21.0 -18.394 -12.635
2076 21.0 -18.450 -12.020
2088 21.0 -18.525 -11.405
2100 21.0 -18.599 -10.790
2112 21.0 -18.674 -10.194
2124 21.0 -18.748 -9.560
2136 21.0 -18.804 -8.964
2148 21.0 -18.754 -9.448
2160 21.0 -18.441 -9.370
2172 21.0 -18.531 -8.609
2184 21.0 -18.467 -8.489
2196 21.0 -18.258 -8.123
2208 21.0 -18.625 -7.561
2220 21.0 -18.330 -7.266
2232 21.0 -18.403 -7.220
2244 21.0 -18.519 -6.843
2256 21.0 -18.487 -7.135
2268 21.0 -18.083 -5.581
2280 21.0 -18.630 -5.111
2148 132.0 -19.866 -8.722
2160 132.0 -19.829 -9.411
2172 132.0 -19.792 -10.026
2184 132.0 -19.755 -10.641
2196 132.0 -19.717 -11.256
2208 132.0 -19.699 -11.871
2220 132.0 -19.680 -12.486
2232 132.0 -19.680 -13.101
2244 132.0 -19.775 -12.666
2256 132.0 -19.564 -13.297
2268 132.0 -19.431 -13.453
2280 132.0 -19.521 -14.192
2292 132.0 -19.760 -14.588
2304 132.0 -19.769 -15.440
2316 132.0 -19.797 -16.101
2328 132.0 -20.158 -16.470
2340 132.0 -20.086 -17.103
2352 132.0 -19.723 -16.327
2364 132.0 -19.814 -17.544
2376 132.0 -20.384 -18.855
2160 137.0 2.367 15.021
2172 137.0 1.659 14.723
2184 137.0 0.988 14.723
2196 137.0 0.298 14.723
2208 137.0 -0.391 14.723
2220 137.0 -1.006 14.723
2232 137.0 -1.696 14.723
2244 137.0 -2.367 14.723
2256 137.0 -1.235 15.394
2268 137.0 -1.733 15.859
2280 137.0 -1.095 15.478
2292 137.0 -2.047 15.963
2304 137.0 -3.118 15.864
2316 137.0 -3.370 16.044
2328 137.0 -4.251 14.987
2340 137.0 -2.569 16.546
2352 137.0 -3.698 16.362
2364 137.0 -3.784 16.240
2376 137.0 -1.816 15.485
2388 137.0 -2.916 16.568
2184 152.0 3.858 45.342
2196 152.0 3.858 45.342
2208 152.0 3.783 45.510
2220 152.0 3.783 45.510
2232 152.0 3.783 45.510
2244 152.0 3.783 45.510
2256 152.0 3.727 45.659
2268 152.0 3.727 45.659
2280 152.0 3.811 45.562
2292 152.0 3.869 45.608
2304 152.0 3.877 45.607
2316 152.0 3.769 45.605
2328 152.0 3.771 45.447
2340 152.0 3.786 45.442
2352 152.0 3.695 45.419
2364 152.0 3.672 45.414
2376 152.0 3.736 45.350
2388 152.0 3.869 45.378
2400 152.0 3.865 45.357
2412 152.0 3.874 45.347
2196 106.0 -1.006 -3.746
2208 106.0 -1.211 -4.063
2220 106.0 -1.416 -4.212
2232 106.0 -1.547 -4.361
2244 106.0 -1.770 -4.659
2256 106.0 -1.957 -4.808
2268 106.0 -2.180 -5.125
2280 106.0 -2.236 -5.442
2292 106.0 -1.798 -5.218
2304 106.0 -1.524 -5.433
2316 106.0 -1.929 -5.236
2328 106.0 -1.748 -5.733
2340 106.0 -1.913 -5.669
2352 106.0 -1.337 -5.766
2364 106.0 -1.334 -5.782
2376 106.0 -1.424 -6.552
2388 106.0 -1.234 -7.602
2400 106.0 -1.489 -8.069
2412 106.0 -1.639 -8.590
2424 106.0 -1.779 -9.868
2220 142.0 3.429 44.280
2232 142.0 3.429 44.280
2244 142.0 3.429 44.280
2256 142.0 3.448 44.280
2268 142.0 3.448 44.280
2280 142.0 3.448 44.280
2292 142.0 3.448 44.280
2304 142.0 3.448 44.280
2316 142.0 3.503 44.263
2328 142.0 3.544 44.268
2340 142.0 3.578 44.288
2352 142.0 3.492 44.311
2364 142.0 3.591 44.374
2376 142.0 3.559 44.408
2388 142.0 3.524 44.312
2400 142.0 3.598 44.287
2412 142.0 3.657 44.335
2424 142.0 3.483 44.363
2436 142.0 3.505 44.356
2448 142.0 3.441 44.340
2388 133.0 -19.540 -13.335
2400 133.0 -19.534 -13.316
2412 133.0 -19.529 -13.297
2424 133.0 -19.523 -13.278
2436 133.0 -19.517 -13.259
2448 133.0 -19.511 -13.240
2460 133.0 -19.505 -13.222
2472 133.0 -19.500 -13.203
2484 133.0 -19.484 -13.262
2496 133.0 -19.489 -13.282
2508 133.0 -19.492 -13.335
2520 133.0 -19.513 -13.326
2532 133.0 -19.527 -13.281
2544 133.0 -19.544 -13.282
2556 133.0 -19.495 -13.293
2568 133.0 -19.485 -13.259
2580 133.0 -19.509 -13.349
2592 133.0 -19.509 -13.371
2604 133.0 -19.489 -13.380
2616 133.0 -19.527 -13.339
2400 138.0 -10.940 14.872
2412 138.0 -11.648 14.872
2424 138.0 -12.319 14.872
2436 138.0 -12.952 15.021
2448 138.0 -13.623 15.021
2460 138.0 -14.257 15.021
2472 138.0 -14.928 15.021
2484 138.0 -15.617 15.021
2496 138.0 -14.954 15.241
2508 138.0 -16.081 15.397
2520 138.0 -15.827 16.069
2532 138.0 -16.661 16.320
2544 138.0 -16.127 15.051
2556 138.0 -15.961 15.979
2568 138.0 -18.273 16.980
2580 138.0 -17.358 16.253
2592 138.0 -16.060 15.548
2604 138.0 -16.317 16.177
2616 138.0 -18.179 16.714
2628 138.0 -19.119 16.345
2424 153.0 3.727 45.827
2436 153.0 3.727 45.827
2448 153.0 3.727 45.827
2460 153.0 3.727 45.827
2472 153.0 3.727 45.827
2484 153.0 3.727 45.827
2496 153.0 3.727 45.827
2508 153.0 3.690 45.659
2520 153.0 3.676 45.598
2532 153.0 3.607 45.585
2544 153.0 3.697 45.647
2556 153.0 3.756 45.717
2568 153.0 3.703 45.683
2580 153.0 3.723 45.545
2592 153.0 3.726 45.565
2604 153.0 3.787 45.498
2616 153.0 3.833 45.366
2628 153.0 3.848 45.275
2640 153.0 3.871 45.031
2652 153.0 3.894 44.958
2436 107.0 -3.541 -10.641
2448 107.0 -3.671 -10.958
2460 107.0 -3.820 -11.405
2472 107.0 -3.951 -11.704
2484 107.0 -4.081 -12.188
2496 107.0 -4.230 -12.635
2508 107.0 -4.342 -12.934
2520 107.0 -4.435 -13.325
2532 107.0 -4.203 -13.757
2544 107.0 -3.953 -14.259
2556 107.0 -4.156 -14.709
2568 107.0 -4.157 -15.985
2580 107.0 -4.156 -17.049
2592 107.0 -4.216 -17.129
2604 107.0 -4.656 -17.850
2616 107.0 -4.273 -18.146
2628 107.0 -4.698 -18.821
2640 107.0 -4.549 -18.802
2652 107.0 -4.373 -17.545
2664 107.0 -4.181 -19.521
2460 143.0 3.448 44.280
2472 143.0 3.448 44.280
2484 143.0 3.448 44.280
2496 143.0 3.448 44.280
2508 143.0 3.448 44.206
2520 143.0 3.448 44.206
2532 143.0 3.448 44.206
2544 143.0 3.448 44.206
2556 143.0 3.456 44.104
2568 143.0 3.455 44.108
2580 143.0 3.342 44.217
2592 143.0 3.465 44.197
2604 143.0 3.431 44.179
2616 143.0 3.443 44.147
2628 143.0 3.467 44.116
2640 143.0 3.445 44.120
2652 143.0 3.434 44.126
2664 143.0 3.495 44.126
2676 143.0 3.502 44.161
2688 143.0 3.427 44.219
2496 155.0 -7.715 -5.423
2508 155.0 -7.715 -5.423
2520 155.0 -7.715 -5.423
2532 155.0 -7.715 -5.423
2544 155.0 -7.715 -5.423
2556 155.0 -7.715 -5.423
2568 155.0 -7.715 -5.423
2580 155.0 -7.715 -5.423
2592 155.0 -7.750 -5.425
2604 155.0 -7.709 -5.409
2616 155.0 -7.749 -5.447
2628 155.0 -7.729 -5.445
2640 155.0 -7.668 -5.424
2652 155.0 -7.670 -5.456
2664 155.0 -7.696 -5.503
2676 155.0 -7.689 -5.479
2688 155.0 -7.704 -5.495
2700 155.0 -7.668 -5.509
2712 155.0 -7.698 -5.455
2724 155.0 -7.688 -5.462
2628 134.0 -19.424 -12.956
2640 134.0 -19.418 -12.937
2652 134.0 -19.412 -12.918
2664 134.0 -19.407 -12.899
2676 134.0 -19.401 -12.880
2688 134.0 -19.395 -12.861
2700 134.0 -19.389 -12.842
2712 134.0 -19.383 -12.823
2724 134.0 -19.354 -12.796
2736 134.0 -19.283 -12.861
2748 134.0 -19.322 -12.852
2760 134.0 -19.296 -12.884
2772 134.0 -19.286 -12.835
2784 134.0 -19.242 -12.868
2796 134.0 -19.277 -12.937
2808 134.0 -19.281 -13.026
2820 134.0 -19.388 -12.979
2832 134.0 -19.378 -12.931
2844 134.0 -19.365 -13.001
2856 134.0 -19.279 -13.044
2664 154.0 3.653 45.659
2676 154.0 3.653 45.659
2688 154.0 3.615 45.659
2700 154.0 3.615 45.659
2712 154.0 3.615 45.659
2724 154.0 3.615 45.659
2736 154.0 3.615 45.659
2748 154.0 3.615 45.659
2760 154.0 3.641 45.664
2772 154.0 3.748 45.623
2784 154.0 3.714 45.586
2796 154.0 3.676 45.508
2808 154.0 3.718 45.562
2820 154.0 3.763 45.635
2832 154.0 3.783 45.674
2844 154.0 3.715 45.667
2856 154.0 3.755 45.736
2868 154.0 3.674 45.733
2880 154.0 3.656 45.770
2892 154.0 3.689 45.829
2676 108.0 -4.845 -13.400
2688 108.0 -4.845 -13.101
2700 108.0 -4.845 -12.952
2712 108.0 -4.845 -12.635
2724 108.0 -4.920 -12.468
2736 108.0 -4.920 -12.020
2748 108.0 -4.995 -11.573
2760 108.0 -4.995 -11.089
2772 108.0 -4.968 -10.936
2784 108.0 -5.214 -10.643
2796 108.0 -4.992 -9.975
2808 108.0 -5.161 -10.599
2820 108.0 -5.184 -10.118
2832 108.0 -5.221 -9.816
2844 108.0 -5.148 -8.914
2856 108.0 -5.180 -7.656
2868 108.0 -5.049 -6.929
2880 108.0 -5.102 -6.279
2892 108.0 -5.142 -7.045
2904 108.0 -5.249 -6.948
2700 144.0 3.485 44.131
2712 144.0 3.485 44.131
2724 144.0 3.485 44.131
2736 144.0 3.485 44.131
2748 144.0 3.485 44.131
2760 144.0 3.485 44.131
2772 144.0 3.485 44.038
2784 144.0 3.485 44.038
2796 144.0 3.448 44.079
2808 144.0 3.437 44.073
2820 144.0 3.462 44.101
2832 144.0 3.438 44.109
2844 144.0 3.479 44.091
2856 144.0 3.520 44.093
2868 144.0 3.524 44.120
2880 144.0 3.493 44.087
2892 144.0 3.513 44.095
2904 144.0 3.544 44.112
2916 144.0 3.541 44.130
2928 144.0 3.503 44.105
2736 156.0 -7.715 -5.423
2748 156.0 -7.715 -5.423
2760 156.0 -7.715 -5.423
2772 156.0 -7.715 -5.423
2784 156.0 -7.715 -5.423
2796 156.0 -7.715 -5.423
2808 156.0 -7.715 -5.423
2820 156.0 -7.715 -5.423
2832 156.0 -7.761 -5.420
2844 156.0 -7.770 -5.387
2856 156.0 -7.841 -5.402
2868 156.0 -7.806 -5.430
2880 156.0 -7.839 -5.428
2892 156.0 -7.804 -5.407
2904 156.0 -7.838 -5.424
2916 156.0 -7.706 -5.430
2928 156.0 -7.772 -5.403
2940 156.0 -7.745 -5.419
2952 156.0 -7.739 -5.421
2964 156.0 -7.775 -5.383
2844 58.0 1.062 15.245
2856 58.0 0.578 15.245
2868 58.0 0.093 15.245
2880 58.0 -0.391 15.095
2892 58.0 -0.876 15.095
2904 58.0 -1.286 14.946
2916 58.0 -1.770 14.946
2928 58.0 -2.236 14.946
2940 58.0 -1.229 15.367
2952 58.0 -1.256 15.712
2964 58.0 -1.581 15.813
2976 58.0 -1.925 15.662
2988 58.0 -2.405 15.956
3000 58.0 -2.649 15.715
3012 58.0 -3.424 16.106
3024 58.0 -2.654 16.047
3036 58.0 -2.786 15.818
3048 58.0 -3.457 16.497
3060 58.0 -4.947 16.825
3072 58.0 -4.355 17.279
2844 136.0 -18.357 -13.623
2856 136.0 -18.357 -13.027
2868 136.0 -18.394 -12.393
2880 136.0 -18.469 -11.797
2892 136.0 -18.506 -11.163
2904 136.0 -18.543 -10.567
2916 136.0 -18.580 -9.970
2928 136.0 -18.599 -9.411
2940 136.0 -18.105 -9.275
2952 136.0 -18.003 -9.445
2964 136.0 -18.184 -8.924
2976 136.0 -18.510 -8.760
2988 136.0 -18.001 -7.112
3000 136.0 -18.133 -6.443
3012 136.0 -18.388 -6.286
3024 136.0 -18.744 -5.948
3036 136.0 -18.018 -5.413
3048 136.0 -18.967 -6.238
3060 136.0 -19.460 -7.994
3072 136.0 -18.983 -8.477
2868 135.0 -19.587 -11.014
2880 135.0 -19.661 -10.492
2892 135.0 -19.699 -9.877
2904 135.0 -19.792 -9.337
2916 135.0 -19.866 -8.815
2928 135.0 -19.941 -8.256
2940 135.0 -20.053 -7.734
2952 135.0 -20.090 -7.194
2964 135.0 -19.953 -7.563
2976 135.0 -19.812 -5.806
2988 135.0 -19.944 -5.474
3000 135.0 -19.542 -5.459
3012 135.0 -19.457 -5.825
3024 135.0 -19.634 -5.471
3036 135.0 -20.046 -4.468
3048 135.0 -19.745 -2.114
3060 135.0 -19.657 -3.633
3072 135.0 -19.884 -5.618
3084 135.0 -19.504 -2.804
3096 135.0 -19.448 -2.303
2916 109.0 -5.982 -5.647
2928 109.0 -6.094 -5.274
2940 109.0 -6.187 -4.901
2952 109.0 -6.243 -4.454
2964 109.0 -6.430 -4.119
2976 109.0 -6.765 -3.671
2988 109.0 -7.100 -3.224
3000 109.0 -7.380 -2.740
3012 109.0 -7.052 -3.598
3024 109.0 -6.705 -2.903
3036 109.0 -7.120 -3.110
3048 109.0 -6.456 -3.188
3060 109.0 -6.666 -3.109
3072 109.0 -6.736 -2.736
3084 109.0 -6.862 -2.273
3096 109.0 -6.436 -2.231
3108 109.0 -6.404 -2.410
3120 109.0 -6.645 -1.178
3132 109.0 -6.612 -1.711
3144 109.0 -6.294 -1.865
3084 59.0 -10.101 14.630
3096 59.0 -10.641 14.630
3108 59.0 -11.182 14.630
3120 59.0 -11.741 14.630
3132 59.0 -12.300 14.630
3144 59.0 -12.840 14.630
3156 59.0 -13.381 14.630
3168 59.0 -13.940 14.630
3180 59.0 -13.729 14.582
3192 59.0 -13.405 14.254
3204 59.0 -13.759 15.287
3216 59.0 -12.591 14.717
3228 59.0 -13.987 15.291
3240 59.0 -14.702 14.948
3252 59.0 -14.786 14.299
3264 59.0 -14.950 14.810
3276 59.0 -15.198 13.991
3288 59.0 -15.707 15.251
3300 59.0 -15.763 14.845
3312 59.0 -15.464 15.637
3084 119.0 3.522 13.474
3096 119.0 3.112 13.027
3108 119.0 2.628 12.580
3120 119.0 2.218 12.095
3132 119.0 1.733 11.797
3144 119.0 1.267 11.350
3156 119.0 0.988 10.716
3168 119.0 0.783 10.269
3180 119.0 2.363 10.962
3192 119.0 2.441 10.544
3204 119.0 2.638 10.570
3216 119.0 2.324 10.178
3228 119.0 2.718 9.870
3240 119.0 2.878 8.942
3252 119.0 2.721 8.667
3264 119.0 2.732 8.075
3276 119.0 2.726 7.476
3288 119.0 2.484 5.950
3300 119.0 2.620 6.420
3312 119.0 2.597 5.268
3156 110.0 -11.871 1.472
3168 110.0 -12.225 1.770
3180 110.0 -12.635 2.069
3192 110.0 -13.045 2.218
3204 110.0 -13.455 2.535
3216 110.0 -13.865 2.702
3228 110.0 -14.275 3.000
3240 110.0 -14.685 3.299
3252 110.0 -15.299 3.681
3264 110.0 -16.166 3.894
3276 110.0 -16.645 4.195
3288 110.0 -16.872 4.082
3300 110.0 -17.067 4.281
3312 110.0 -17.515 4.674
3324 110.0 -17.906 5.086
3336 110.0 -17.343 4.795
3348 110.0 -18.797 6.353
3360 110.0 -19.688 5.926
3372 110.0 -19.389 5.643
3384 110.0 -21.649 5.908
3168 123.0 -3.839 -14.480
3180 123.0 -3.727 -14.015
3192 123.0 -3.653 -13.716
3204 123.0 -3.578 -13.400
3216 123.0 -3.429 -12.934
3228 123.0 -3.373 -12.635
3240 123.0 -3.243 -12.337
3252 123.0 -3.168 -12.020
3264 123.0 -3.438 -12.427
3276 123.0 -3.815 -12.320
3288 123.0 -3.457 -11.552
3300 123.0 -3.504 -10.863
3312 123.0 -3.597 -10.832
3324 123.0 -3.531 -10.190
3336 123.0 -3.219 -8.940
3348 123.0 -3.319 -9.625
3360 123.0 -3.610 -8.891
3372 123.0 -3.618 -8.512
3384 123.0 -3.490 -7.109
3396 123.0 -3.547 -7.294
3264 126.0 -16.586 -14.257
3276 126.0 -17.145 -13.921
3288 126.0 -17.369 -13.325
3300 126.0 -17.630 -12.878
3312 126.0 -17.854 -12.244
3324 126.0 -18.040 -11.648
3336 126.0 -18.264 -11.014
3348 126.0 -18.394 -10.567
3360 126.0 -18.529 -10.425
3372 126.0 -18.786 -11.590
3384 126.0 -18.749 -10.852
3396 126.0 -18.911 -11.568
3408 126.0 -19.166 -10.608
3420 126.0 -18.804 -10.945
3432 126.0 -18.818 -10.924
3444 126.0 -18.814 -10.810
3456 126.0 -19.693 -9.883
3468 126.0 -18.779 -9.259
3480 126.0 -21.344 -7.383
3492 126.0 -20.557 -8.647
3324 60.0 -21.208 14.630
3336 60.0 -21.767 14.630
3348 60.0 -22.308 14.630
3360 60.0 -22.848 14.630
3372 60.0 -23.538 14.630
3384 60.0 -24.227 14.630
3396 60.0 -24.898 14.779
3408 60.0 -25.662 14.779
3420 60.0 -25.356 14.713
3432 60.0 -24.922 14.152
3444 60.0 -25.674 14.849
3456 60.0 -26.946 15.349
3468 60.0 -26.574 14.697
3480 60.0 -27.933 15.624
3492 60.0 -27.682 15.426
3504 60.0 -28.166 16.284
3516 60.0 -27.704 15.101
3528 60.0 -27.843 15.208
3540 60.0 -27.181 15.384
3552 60.0 -28.038 15.248
3324 120.0 -1.975 3.522
3336 120.0 -2.236 3.075
3348 120.0 -2.590 2.777
3360 120.0 -2.926 2.292
3372 120.0 -3.280 1.845
3384 120.0 -3.820 1.547
3396 120.0 -4.305 1.155
3408 120.0 -4.845 0.764
3420 120.0 -3.903 1.613
3432 120.0 -3.559 1.654
3444 120.0 -4.144 1.275
3456 120.0 -3.591 1.965
3468 120.0 -3.525 1.844
3480 120.0 -3.437 1.474
3492 120.0 -3.453 0.626
3504 120.0 -3.635 0.809
3516 120.0 -4.251 0.048
3528 120.0 -3.635 -1.507
3540 120.0 -4.247 -0.880
3552 120.0 -3.779 -0.577
3396 111.0 -20.388 5.908
3408 111.0 -20.798 6.057
3420 111.0 -21.134 6.355
3432 111.0 -21.544 6.653
3444 111.0 -21.898 6.989
3456 111.0 -22.308 7.138
3468 111.0 -22.718 7.436
3480 111.0 -23.128 7.734
3492 111.0 -23.248 7.519
3504 111.0 -23.867 8.150
3516 111.0 -23.178 7.933
3528 111.0 -24.472 8.771
3540 111.0 -25.218 9.093
3552 111.0 -25.234 9.178
3564 111.0 -25.379 9.448
3576 111.0 -25.552 9.497
3588 111.0 -26.601 10.100
3600 111.0 -25.976 9.952
3612 111.0 -27.412 10.642
3624 111.0 -26.528 10.336
3408 124.0 -1.528 -4.361
3420 124.0 -1.379 -3.746
3432 124.0 -1.305 -3.131
3444 124.0 -1.174 -2.516
3456 124.0 -1.044 -1.901
3468 124.0 -0.969 -1.137
3480 124.0 -0.839 -0.522
3492 124.0 -0.764 0.242
3504 124.0 -0.425 0.088
3516 124.0 -0.889 -0.173
3528 124.0 -1.450 0.543
3540 124.0 -1.050 1.190
3552 124.0 -1.041 -0.149
3564 124.0 -0.918 0.403
3576 124.0 -0.942 0.349
3588 124.0 -0.305 3.442
3600 124.0 -0.485 2.272
3612 124.0 -0.840 4.559
3624 124.0 0.404 5.103
3636 124.0 -0.216 4.453
3504 78.0 3.560 45.212
3516 78.0 3.560 45.212
3528 78.0 3.560 45.212
3540 78.0 3.560 45.212
3552 78.0 3.560 45.212
3564 78.0 3.560 45.212
3576 78.0 3.560 45.212
3588 78.0 3.560 45.212
3600 78.0 3.558 45.256
3612 78.0 3.570 45.260
3624 78.0 3.536 45.280
3636 78.0 3.540 45.282
3648 78.0 3.599 45.282
3660 78.0 3.606 45.219
3672 78.0 3.563 45.226
3684 78.0 3.578 45.293
3696 78.0 3.606 45.242
3708 78.0 3.622 45.236
3720 78.0 3.606 45.270
3732 78.0 3.597 45.282
3504 117.0 -7.548 -5.125
3516 117.0 -7.548 -5.125
3528 117.0 -7.548 -5.125
3540 117.0 -7.548 -5.125
3552 117.0 -7.548 -5.125
3564 117.0 -7.548 -5.125
3576 117.0 -7.548 -5.125
3588 117.0 -7.548 -5.125
3600 117.0 -7.515 -5.136
3612 117.0 -7.578 -5.098
3624 117.0 -7.576 -5.105
3636 117.0 -7.566 -5.115
3648 117.0 -7.545 -5.159
3660 117.0 -7.550 -5.122
3672 117.0 -7.514 -5.127
3684 117.0 -7.482 -5.123
3696 117.0 -7.444 -5.196
3708 117.0 -7.505 -5.163
3720 117.0 -7.518 -5.147
3732 117.0 -7.490 -5.159
3504 127.0 -20.519 -3.224
3516 127.0 -20.649 -2.665
3528 127.0 -20.761 -2.069
3540 127.0 -20.891 -1.603
3552 127.0 -21.040 -0.988
3564 127.0 -21.171 -0.447
3576 127.0 -21.283 0.168
3588 127.0 -21.413 0.690
3600 127.0 -20.779 -0.190
3612 127.0 -21.107 1.035
3624 127.0 -21.085 1.107
3636 127.0 -20.801 1.052
3648 127.0 -20.980 2.757
3660 127.0 -20.588 2.383
3672 127.0 -21.048 4.443
3684 127.0 -20.662 4.353
3696 127.0 -20.741 4.241
3708 127.0 -20.222 4.368
3720 127.0 -20.498 7.220
3732 127.0 -20.512 5.645
3564 61.0 -25.878 14.492
3576 61.0 -25.862 14.469
3588 61.0 -25.846 14.445
3600 61.0 -25.830 14.422
3612 61.0 -25.815 14.399
3624 61.0 -25.799 14.376
3636 61.0 -25.783 14.353
3648 61.0 -25.768 14.330
3660 61.0 -25.737 14.229
3672 61.0 -25.805 14.236
3684 61.0 -25.771 14.391
3696 61.0 -25.788 14.391
3708 61.0 -25.797 14.382
3720 61.0 -25.823 14.408
3732 61.0 -25.867 14.352
3744 61.0 -25.844 14.358
3756 61.0 -25.854 14.427
3768 61.0 -25.854 14.418
3780 61.0 -25.811 14.452
3792 61.0 -25.866 14.421
3564 121.0 -11.200 -3.373
3576 121.0 -11.629 -3.671
3588 121.0 -12.114 -3.970
3600 121.0 -12.561 -4.286
3612 121.0 -12.840 -4.752
3624 121.0 -13.120 -5.349
3636 121.0 -13.381 -5.982
3648 121.0 -13.716 -6.430
3660 121.0 -13.892 -5.686
3672 121.0 -12.979 -5.902
3684 121.0 -14.196 -6.424
3696 121.0 -12.744 -6.236
3708 121.0 -13.667 -6.579
3720 121.0 -13.101 -6.675
3732 121.0 -13.143 -7.659
3744 121.0 -13.596 -7.867
3756 121.0 -13.471 -8.630
3768 121.0 -12.875 -9.792
3780 121.0 -13.200 -8.565
3792 121.0 -13.438 -11.153
3600 10.0 -17.593 -12.785
3612 10.0 -17.742 -12.188
3624 10.0 -17.947 -11.704
3636 10.0 -18.077 -11.256
3648 10.0 -18.226 -10.641
3660 10.0 -18.357 -10.175
3672 10.0 -18.562 -9.728
3684 10.0 -18.711 -9.113
3696 10.0 -18.645 -9.651
3708 10.0 -18.470 -8.824
3720 10.0 -18.537 -8.873
3732 10.0 -18.402 -8.908
3744 10.0 -18.893 -9.028
3756 10.0 -18.736 -8.057
3768 10.0 -18.603 -8.360
3780 10.0 -18.529 -8.819
3792 10.0 -18.587 -8.786
3804 10.0 -18.697 -8.397
3816 10.0 -18.467 -8.314
3828 10.0 -18.232 -7.985
3636 112.0 -25.426 9.832
3648 112.0 -25.427 9.858
3660 112.0 -25.428 9.884
3672 112.0 -25.429 9.910
3684 112.0 -25.430 9.937
3696 112.0 -25.431 9.963
3708 112.0 -25.432 9.989
3720 112.0 -25.433 10.015
3732 112.0 -25.463 10.070
3744 112.0 -25.413 10.012
3756 112.0 -25.463 9.919
3768 112.0 -25.421 9.946
3780 112.0 -25.465 9.928
3792 112.0 -25.501 9.927
3804 112.0 -25.456 9.904
3816 112.0 -25.437 9.873
3828 112.0 -25.437 9.912
3840 112.0 -25.467 9.876
3852 112.0 -25.474 9.828
3864 112.0 -25.475 9.871
3648 125.0 0.988 7.045
3660 125.0 1.118 7.827
3672 125.0 1.323 8.424
3684 125.0 1.528 9.057
3696 125.0 1.733 9.654
3708 125.0 1.938 10.101
3720 125.0 2.069 10.735
3732 125.0 2.292 11.331
3744 125.0 1.573 11.827
3756 125.0 1.964 12.153
3768 125.0 1.726 11.844
3780 125.0 2.088 12.190
3792 125.0 1.958 13.585
3804 125.0 1.970 14.809
3816 125.0 1.279 15.280
3828 125.0 1.478 15.992
3840 125.0 1.866 16.127
3852 125.0 0.829 13.089
3864 125.0 1.002 13.140
3876 125.0 2.010 14.519
3744 79.0 3.560 45.212
3756 79.0 3.560 45.212
3768 79.0 3.560 45.212
3780 79.0 3.560 45.212
3792 79.0 3.560 45.212
3804 79.0 3.560 45.212
3816 79.0 3.560 45.212
3828 79.0 3.560 45.212
3840 79.0 3.566 45.244
3852 79.0 3.594 45.270
3864 79.0 3.546 45.240
3876 79.0 3.532 45.242
3888 79.0 3.572 45.250
3900 79.0 3.586 45.287
3912 79.0 3.537 45.284
3924 79.0 3.544 45.343
3936 79.0 3.593 45.346
3948 79.0 3.617 45.322
3960 79.0 3.597 45.341
3972 79.0 3.544 45.266
3744 118.0 -7.548 -5.125
3756 118.0 -7.548 -5.125
3768 118.0 -7.548 -5.125
3780 118.0 -7.548 -5.125
3792 118.0 -7.548 -5.125
3804 118.0 -7.548 -5.125
3816 118.0 -7.548 -5.125
3828 118.0 -7.548 -5.125
3840 118.0 -7.554 -5.137
3852 118.0 -7.527 -5.118
3864 118.0 -7.584 -5.144
3876 118.0 -7.519 -5.172
3888 118.0 -7.530 -5.128
3900 118.0 -7.587 -5.147
3912 118.0 -7.561 -5.104
3924 118.0 -7.579 -5.102
3936 118.0 -7.579 -5.143
3948 118.0 -7.557 -5.071
3960 118.0 -7.525 -5.088
3972 118.0 -7.534 -5.089
3804 62.0 -22.028 9.970
3816 62.0 -21.823 9.505
3828 62.0 -21.544 9.039
3840 62.0 -21.134 8.591
3852 62.0 -20.798 7.976
3864 62.0 -20.388 7.361
3876 62.0 -19.978 6.746
3888 62.0 -19.643 6.280
3900 62.0 -19.451 5.305
3912 62.0 -19.551 5.559
3924 62.0 -19.686 6.424
3936 62.0 -18.887 5.027
3948 62.0 -18.630 5.472
3960 62.0 -18.952 4.461
3972 62.0 -19.135 5.155
3984 62.0 -18.162 3.310
3996 62.0 -19.161 5.515
4008 62.0 -18.354 2.959
4020 62.0 -18.561 5.016
4032 62.0 -17.945 3.200
3804 122.0 -16.885 -13.623
3816 122.0 -17.034 -13.940
3828 122.0 -17.034 -13.940
3840 122.0 -17.034 -13.940
3852 122.0 -17.034 -13.940
3864 122.0 -17.034 -13.940
3876 122.0 -17.034 -13.940
3888 122.0 -17.034 -13.940
3900 122.0 -17.078 -13.945
3912 122.0 -16.991 -14.159
3924 122.0 -17.109 -14.054
3936 122.0 -17.102 -14.064
3948 122.0 -17.059 -13.937
3960 122.0 -17.192 -14.009
3972 122.0 -16.761 -13.838
3984 122.0 -16.834 -13.715
3996 122.0 -16.926 -13.839
4008 122.0 -16.868 -13.799
4020 122.0 -16.851 -13.895
4032 122.0 -16.788 -13.927
3840 11.0 -20.351 -2.050
3852 11.0 -20.481 -1.454
3864 11.0 -20.686 -0.988
3876 11.0 -20.910 -0.522
3888 11.0 -21.096 0.075
3900 11.0 -21.245 0.540
3912 11.0 -21.450 1.006
3924 11.0 -21.655 1.603
3936 11.0 -21.613 0.973
3948 11.0 -21.559 1.209
3960 11.0 -21.807 1.304
3972 11.0 -22.262 1.508
3984 11.0 -22.049 1.315
3996 11.0 -21.644 1.271
4008 11.0 -21.918 1.529
4020 11.0 -22.129 2.206
4032 11.0 -21.323 2.543
4044 11.0 -22.261 3.582
4056 11.0 -22.218 3.979
4068 11.0 -21.997 4.158
3876 12.0 -15.897 34.869
3888 12.0 -15.412 35.018
3900 12.0 -14.853 35.316
3912 12.0 -14.313 35.465
3924 12.0 -13.772 35.782
3936 12.0 -13.139 35.931
3948 12.0 -12.598 36.248
3960 12.0 -12.114 36.695
3972 12.0 -13.192 36.006
3984 12.0 -12.832 35.436
3996 12.0 -13.127 35.456
4008 12.0 -13.061 34.891
4020 12.0 -12.680 34.639
4032 12.0 -12.224 34.845
4044 12.0 -11.887 34.726
4056 12.0 -11.312 34.715
4068 12.0 -11.768 35.222
4080 12.0 -11.695 35.573
4092 12.0 -11.752 35.403
4104 12.0 -11.377 34.695
3876 113.0 -25.445 10.355
3888 113.0 -25.445 10.381
3900 113.0 -25.447 10.407
3912 113.0 -25.447 10.433
3924 113.0 -25.448 10.459
3936 113.0 -25.449 10.485
3948 113.0 -25.450 10.511
3960 113.0 -25.451 10.537
3972 113.0 -25.392 10.563
3984 113.0 -25.332 10.531
3996 113.0 -25.342 10.411
4008 113.0 -25.419 10.464
4020 113.0 -25.353 10.527
4032 113.0 -25.356 10.472
4044 113.0 -25.376 10.389
4056 113.0 -25.453 10.438
4068 113.0 -25.401 10.471
4080 113.0 -25.413 10.380
4092 113.0 -25.432 10.429
4104 113.0 -25.420 10.465
3984 80.0 3.560 45.212
3996 80.0 3.560 45.212
4008 80.0 3.522 45.137
4020 80.0 3.522 45.137
4032 80.0 3.522 45.137
4044 80.0 3.522 45.137
4056 80.0 3.522 45.137
4068 80.0 3.522 45.212
4080 80.0 3.566 45.227
4092 80.0 3.595 45.236
4104 80.0 3.584 45.197
4116 80.0 3.563 45.178
4128 80.0 3.537 45.182
4140 80.0 3.597 45.165
4152 80.0 3.601 45.154
4164 80.0 3.590 45.162
4176 80.0 3.582 45.104
4188 80.0 3.614 45.155
4200 80.0 3.654 45.175
4212 80.0 3.663 45.111
3996 14.0 3.429 43.963
4008 14.0 3.429 43.963
4020 14.0 3.429 43.963
4032 14.0 3.429 43.963
4044 14.0 3.429 43.963
4056 14.0 3.429 43.963
4068 14.0 3.429 43.963
4080 14.0 3.429 43.963
4092 14.0 3.452 44.013
4104 14.0 3.392 43.970
4116 14.0 3.415 44.005
4128 14.0 3.434 43.943
4140 14.0 3.429 43.953
4152 14.0 3.422 43.951
4164 14.0 3.422 43.996
4176 14.0 3.462 43.983
4188 14.0 3.493 44.034
4200 14.0 3.441 43.992
4212 14.0 3.457 43.979
4224 14.0 3.457 43.979
4044 63.0 -17.816 -0.540
4056 63.0 -17.779 -1.137
4068 63.0 -17.686 -1.603
4080 63.0 -17.611 -2.218
4092 63.0 -17.574 -2.740
4104 63.0 -17.500 -3.224
4116 63.0 -17.425 -3.820
4128 63.0 -17.388 -4.361
4140 63.0 -17.629 -5.246
4152 63.0 -17.574 -6.200
4164 63.0 -17.767 -6.003
4176 63.0 -17.729 -6.593
4188 63.0 -17.551 -6.949
4200 63.0 -17.411 -7.924
4212 63.0 -17.290 -8.405
4224 63.0 -17.503 -7.328
4236 63.0 -17.279 -8.270
4248 63.0 -17.688 -10.376
4260 63.0 -17.581 -8.553
4272 63.0 -18.206 -10.225
4116 13.0 -5.535 41.839
4128 13.0 -5.181 42.286
4140 13.0 -4.845 42.901
4152 13.0 -4.566 43.367
4164 13.0 -4.230 43.982
4176 13.0 -3.876 44.429
4188 13.0 -3.541 45.044
4200 13.0 -3.205 45.510
4212 13.0 -4.344 45.260
4224 13.0 -4.009 45.240
4236 13.0 -4.514 45.760
4248 13.0 -3.849 47.126
4260 13.0 -3.834 48.119
4272 13.0 -4.186 47.421
4284 13.0 -4.262 46.370
4296 13.0 -3.974 47.846
4308 13.0 -3.780 48.902
4320 13.0 -4.526 48.520
4332 13.0 -3.615 49.768
4344 13.0 -3.775 51.169
4116 114.0 -23.743 8.442
4128 114.0 -23.407 7.958
4140 114.0 -23.128 7.660
4152 114.0 -22.848 7.361
4164 114.0 -22.587 6.895
4176 114.0 -22.289 6.579
4188 114.0 -22.103 6.131
4200 114.0 -22.028 5.684
4212 114.0 -20.953 5.018
4224 114.0 -20.913 5.472
4236 114.0 -20.839 3.624
4248 114.0 -20.231 4.177
4260 114.0 -19.629 2.589
4272 114.0 -20.770 2.745
4284 114.0 -20.383 4.115
4296 114.0 -20.457 4.809
4308 114.0 -20.063 3.650
4320 114.0 -19.348 3.352
4332 114.0 -18.342 1.828
4344 114.0 -19.527 2.642
4224 81.0 3.522 45.286
4236 81.0 3.522 45.286
4248 81.0 3.522 45.286
4260 81.0 3.485 45.361
4272 81.0 3.485 45.361
4284 81.0 3.485 45.361
4296 81.0 3.485 45.361
4308 81.0 3.485 45.361
4320 81.0 3.462 45.379
4332 81.0 3.481 45.377
4344 81.0 3.463 45.325
4356 81.0 3.466 45.326
4368 81.0 3.470 45.313
4380 81.0 3.532 45.358
4392 81.0 3.508 45.343
4404 81.0 3.483 45.380
4416 81.0 3.506 45.324
4428 81.0 3.447 45.322
4440 81.0 3.459 45.281
4452 81.0 3.515 45.304
4236 15.0 3.429 43.963
4248 15.0 3.429 43.963
4260 15.0 3.429 43.963
4272 15.0 3.429 43.963
4284 15.0 3.429 43.963
4296 15.0 3.429 43.963
4308 15.0 3.429 43.963
4320 15.0 3.429 43.963
4332 15.0 3.429 43.930
4344 15.0 3.462 43.973
4356 15.0 3.482 43.978
4368 15.0 3.453 43.978
4380 15.0 3.497 43.978
4392 15.0 3.483 43.971
4404 15.0 3.540 43.951
4416 15.0 3.505 43.898
4428 15.0 3.479 43.958
4440 15.0 3.454 43.946
4452 15.0 3.425 43.943
4464 15.0 3.422 43.942
4356 115.0 -20.947 -0.149
4368 115.0 -20.873 -0.466
4380 115.0 -20.798 -0.913
4392 115.0 -20.649 -1.360
4404 115.0 -20.575 -1.845
4416 115.0 -20.519 -2.292
4428 115.0 -20.463 -2.740
4440 115.0 -20.388 -3.224
4452 115.0 -19.886 -3.865
4464 115.0 -20.185 -4.063
4476 115.0 -20.344 -4.072
4488 115.0 -20.377 -4.732
4500 115.0 -20.670 -5.605
4512 115.0 -20.509 -5.410
4524 115.0 -20.467 -7.023
4536 115.0 -20.586 -6.075
4548 115.0 -20.496 -7.353
4560 115.0 -21.024 -7.746
4572 115.0 -20.594 -7.655
4584 115.0 -20.705 -9.346
4464 82.0 3.485 45.510
4476 82.0 3.485 45.510
4488 82.0 3.485 45.510
4500 82.0 3.485 45.585
4512 82.0 3.448 45.510
4524 82.0 3.448 45.510
4536 82.0 3.448 45.436
4548 82.0 3.448 45.436
4560 82.0 3.427 45.466
4572 82.0 3.368 45.510
4584 82.0 3.347 45.574
4596 82.0 3.427 45.596
4608 82.0 3.442 45.648
4620 82.0 3.462 45.604
4632 82.0 3.511 45.562
4644 82.0 3.483 45.551
4656 82.0 3.544 45.548
4668 82.0 3.581 45.595
4680 82.0 3.608 45.570
4692 82.0 3.561 45.489
4596 116.0 -19.661 -9.579
4608 116.0 -19.624 -10.026
4620 116.0 -19.568 -10.492
4632 116.0 -19.494 -10.958
4644 116.0 -19.494 -11.405
4656 116.0 -19.419 -11.778
4668 116.0 -19.382 -12.188
4680 116.0 -19.345 -12.635
4692 116.0 -19.106 -12.673
4704 116.0 -19.404 -12.835
4716 116.0 -19.177 -13.259
4728 116.0 -19.230 -13.546
4740 116.0 -19.206 -13.696
4752 116.0 -18.902 -14.263
4764 116.0 -19.094 -15.433
4776 116.0 -19.006 -14.966
4788 116.0 -18.968 -15.442
4800 116.0 -18.955 -17.672
4812 116.0 -18.935 -17.067
4824 116.0 -19.071 -16.756
4704 83.0 3.448 45.137
4716 83.0 3.448 45.063
4728 83.0 3.448 45.063
4740 83.0 3.448 45.063
4752 83.0 3.485 45.063
4764 83.0 3.485 45.063
4776 83.0 3.485 45.063
4788 83.0 3.485 44.970
4800 83.0 3.494 45.003
4812 83.0 3.533 44.992
4824 83.0 3.542 44.978
4836 83.0 3.575 44.986
4848 83.0 3.619 45.031
4860 83.0 3.630 44.946
4872 83.0 3.589 44.896
4884 83.0 3.625 44.902
4896 83.0 3.608 44.884
4908 83.0 3.557 44.832
4920 83.0 3.555 44.964
4932 83.0 3.607 45.072
4836 74.0 4.883 14.220
4848 74.0 4.249 13.250
4860 74.0 3.690 12.654
4872 74.0 3.131 12.170
4884 74.0 2.609 11.573
4896 74.0 2.385 11.126
4908 74.0 2.385 10.790
4920 74.0 2.255 10.343
4932 74.0 2.946 10.874
4944 74.0 3.090 10.175
4956 74.0 3.077 9.145
4968 74.0 3.172 8.141
4980 74.0 3.271 6.686
4992 74.0 3.687 7.195
5004 74.0 3.469 6.667
5016 74.0 3.104 7.584
5028 74.0 2.870 8.509
5040 74.0 3.271 7.573
5052 74.0 3.398 8.975
5064 74.0 3.852 9.561
4848 29.0 4.547 16.232
4860 29.0 4.286 15.487
4872 29.0 3.988 14.853
4884 29.0 3.727 14.257
4896 29.0 3.466 13.474
4908 29.0 3.168 12.878
4920 29.0 2.907 12.263
4932 29.0 2.758 11.648
4944 29.0 3.620 9.995
4956 29.0 3.287 10.655
4968 29.0 3.607 10.268
4980 29.0 3.128 10.273
4992 29.0 3.413 9.774
5004 29.0 3.253 9.743
5016 29.0 3.617 8.772
5028 29.0 3.643 9.663
5040 29.0 3.736 8.497
5052 29.0 3.611 8.531
5064 29.0 3.712 8.913
5076 29.0 3.603 9.879
4944 84.0 3.485 44.671
4956 84.0 3.485 44.671
4968 84.0 3.485 44.597
4980 84.0 3.485 44.597
4992 84.0 3.485 44.597
5004 84.0 3.485 44.597
5016 84.0 3.485 44.597
5028 84.0 3.485 44.597
5040 84.0 3.577 44.681
5052 84.0 3.585 44.636
5064 84.0 3.622 44.679
5076 84.0 3.601 44.670
5088 84.0 3.610 44.723
5100 84.0 3.608 44.659
5112 84.0 3.614 44.659
5124 84.0 3.680 44.662
5136 84.0 3.687 44.647
5148 84.0 3.611 44.748
5160 84.0 3.644 44.687
5172 84.0 3.676 44.728
5004 24.0 3.615 43.665
5016 24.0 3.615 43.665
5028 24.0 3.615 43.665
5040 24.0 3.615 43.665
5052 24.0 3.615 43.665
5064 24.0 3.615 43.665
5076 24.0 3.615 43.665
5088 24.0 3.615 43.665
5100 24.0 3.624 43.688
5112 24.0 3.650 43.682
5124 24.0 3.621 43.644
5136 24.0 3.662 43.652
5148 24.0 3.740 43.697
5160 24.0 3.690 43.683
5172 24.0 3.630 43.688
5184 24.0 3.684 43.700
5196 24.0 3.644 43.654
5208 24.0 3.701 43.608
5220 24.0 3.643 43.559
5232 24.0 3.664 43.543
5076 75.0 0.149 3.224
5088 75.0 0.019 2.684
5100 75.0 -0.112 2.162
5112 75.0 -0.317 1.603
5124 75.0 -0.447 1.081
5136 75.0 -0.596 0.540
5148 75.0 -0.764 0.000
5160 75.0 -0.895 -0.522
5172 75.0 -0.360 -0.596
5184 75.0 -0.611 -2.025
5196 75.0 -0.134 -1.206
5208 75.0 -0.316 -2.151
5220 75.0 -0.502 -3.475
5232 75.0 -0.577 -3.951
5244 75.0 -0.853 -3.814
5256 75.0 -0.787 -3.093
5268 75.0 -0.477 -2.979
5280 75.0 -0.518 -3.656
5292 75.0 -0.386 -5.331
5304 75.0 -0.245 -4.915
5088 30.0 0.373 4.603
5100 30.0 0.149 4.137
5112 30.0 -0.112 3.597
5124 30.0 -0.391 3.150
5136 30.0 -0.671 2.609
5148 30.0 -0.895 2.143
5160 30.0 -1.174 1.621
5172 30.0 -1.454 1.155
5184 30.0 -0.490 0.482
5196 30.0 -0.771 1.016
5208 30.0 -0.734 -0.620
5220 30.0 -0.858 -1.247
5232 30.0 -0.462 -2.284
5244 30.0 -0.607 -1.551
5256 30.0 -0.485 -2.485
5268 30.0 -0.285 -4.453
5280 30.0 -0.334 -4.357
5292 30.0 -0.210 -3.004
5304 30.0 0.006 -1.614
5316 30.0 0.042 -0.913
5088 72.0 -18.860 -12.337
5100 72.0 -19.158 -12.020
5112 72.0 -19.233 -11.405
5124 72.0 -19.345 -10.958
5136 72.0 -19.419 -10.343
5148 72.0 -19.494 -9.877
5160 72.0 -19.643 -9.262
5172 72.0 -19.699 -8.796
5184 72.0 -19.826 -9.390
5196 72.0 -19.243 -9.294
5208 72.0 -19.610 -8.651
5220 72.0 -19.992 -8.080
5232 72.0 -19.723 -8.221
5244 72.0 -19.370 -7.309
5256 72.0 -19.724 -7.599
5268 72.0 -19.753 -7.228
5280 72.0 -19.814 -6.591
5292 72.0 -19.225 -6.808
5304 72.0 -19.653 -6.102
5316 72.0 -19.610 -5.404
5184 85.0 3.410 44.970
5196 85.0 3.410 44.970
5208 85.0 3.410 45.063
5220 85.0 3.410 45.063
5232 85.0 3.410 45.063
5244 85.0 3.410 45.137
5256 85.0 3.373 45.137
5268 85.0 3.373 45.212
5280 85.0 3.377 45.257
5292 85.0 3.417 45.355
5304 85.0 3.499 45.364
5316 85.0 3.533 45.416
5328 85.0 3.565 45.199
5340 85.0 3.495 45.245
5352 85.0 3.491 45.132
5364 85.0 3.492 45.122
5376 85.0 3.484 45.055
5388 85.0 3.456 45.128
5400 85.0 3.511 45.212
5412 85.0 3.579 45.180
5208 18.0 1.025 52.014
5220 18.0 0.857 51.250
5232 18.0 0.783 50.784
5244 18.0 0.708 50.337
5256 18.0 0.634 49.722
5268 18.0 0.559 49.256
5280 18.0 0.503 48.809
5292 18.0 0.447 48.343
5304 18.0 0.423 47.461
5316 18.0 0.365 47.583
5328 18.0 0.437 46.610
5340 18.0 0.326 46.833
5352 18.0 0.359 45.424
5364 18.0 0.348 46.241
5376 18.0 0.379 45.127
5388 18.0 0.096 44.405
5400 18.0 0.745 47.796
5412 18.0 0.385 44.138
5424 18.0 0.405 43.660
5436 18.0 -0.014 41.459
5244 25.0 3.615 43.665
5256 25.0 3.615 43.665
5268 25.0 3.615 43.665
5280 25.0 3.615 43.665
5292 25.0 3.615 43.665
5304 25.0 3.615 43.665
5316 25.0 3.615 43.665
5328 25.0 3.615 43.665
5340 25.0 3.597 43.660
5352 25.0 3.595 43.700
5364 25.0 3.538 43.756
5376 25.0 3.539 43.731
5388 25.0 3.588 43.819
5400 25.0 3.586 43.814
5412 25.0 3.572 43.808
5424 25.0 3.650 43.728
5436 25.0 3.668 43.731
5448 25.0 3.672 43.651
5460 25.0 3.712 43.657
5472 25.0 3.680 43.638
5244 69.0 4.622 13.493
5256 69.0 4.063 13.176
5268 69.0 3.522 12.878
5280 69.0 2.982 12.729
5292 69.0 2.497 12.412
5304 69.0 1.938 12.114
5316 69.0 1.398 11.797
5328 69.0 0.857 11.648
5340 69.0 2.174 12.154
5352 69.0 2.380 12.142
5364 69.0 2.243 12.043
5376 69.0 2.327 11.744
5388 69.0 1.954 11.576
5400 69.0 1.913 11.980
5412 69.0 0.275 11.792
5424 69.0 0.053 12.096
5436 69.0 1.586 11.940
5448 69.0 -0.181 12.359
5460 69.0 -0.482 12.289
5472 69.0 0.155 13.290
5316 76.0 -1.864 -4.044
5328 76.0 -1.864 -4.361
5340 76.0 -1.994 -4.827
5352 76.0 -2.199 -5.125
5364 76.0 -2.348 -5.572
5376 76.0 -2.479 -5.908
5388 76.0 -2.684 -6.355
5400 76.0 -2.833 -6.802
5412 76.0 -2.753 -7.421
5424 76.0 -2.648 -8.462
5436 76.0 -2.512 -8.732
5448 76.0 -2.726 -8.989
5460 76.0 -2.580 -9.319
5472 76.0 -2.584 -10.738
5484 76.0 -2.243 -10.444
5496 76.0 -2.490 -12.106
5508 76.0 -2.499 -13.726
5520 76.0 -2.541 -14.572
5532 76.0 -2.472 -10.085
5544 76.0 -2.896 -14.800
5424 86.0 3.299 45.510
5436 86.0 3.299 45.585
5448 86.0 3.299 45.585
5460 86.0 3.299 45.585
5472 86.0 3.299 45.659
5484 86.0 3.299 45.659
5496 86.0 3.299 45.659
5508 86.0 3.336 45.659
5520 86.0 3.270 45.636
5532 86.0 3.282 45.631
5544 86.0 3.321 45.620
5556 86.0 3.308 45.600
5568 86.0 3.361 45.690
5580 86.0 3.218 45.635
5592 86.0 3.220 45.660
5604 86.0 3.238 45.709
5616 86.0 3.217 45.822
5628 86.0 3.241 45.885
5640 86.0 3.199 45.819
5652 86.0 3.331 45.755
5484 70.0 -5.740 7.212
5496 70.0 -6.150 6.746
5508 70.0 -6.560 6.206
5520 70.0 -6.840 5.740
5532 70.0 -7.175 5.293
5544 70.0 -7.455 4.752
5556 70.0 -7.790 4.286
5568 70.0 -8.107 3.914
5580 70.0 -7.295 4.204
5592 70.0 -7.026 4.040
5604 70.0 -7.636 2.635
5616 70.0 -7.642 2.355
5628 70.0 -7.124 1.135
5640 70.0 -7.113 0.769
5652 70.0 -7.133 1.089
5664 70.0 -6.946 -0.382
5676 70.0 -6.889 0.446
5688 70.0 -6.772 1.242
5700 70.0 -6.940 -0.248
5712 70.0 -6.635 -1.710
5556 77.0 -3.522 -9.877
5568 77.0 -3.522 -9.877
5580 77.0 -3.485 -9.877
5592 77.0 -3.522 -10.026
5604 77.0 -3.522 -10.026
5616 77.0 -3.522 -10.101
5628 77.0 -3.541 -10.101
5640 77.0 -3.541 -10.175
5652 77.0 -3.462 -10.218
5664 77.0 -3.371 -10.126
5676 77.0 -3.281 -10.106
5688 77.0 -3.254 -10.151
5700 77.0 -3.278 -10.133
5712 77.0 -3.290 -10.096
5724 77.0 -3.278 -10.213
5736 77.0 -3.334 -10.228
5748 77.0 -3.323 -10.174
5760 77.0 -3.280 -10.160
5772 77.0 -3.305 -10.299
5784 77.0 -3.243 -10.250
5604 73.0 4.510 12.952
5616 73.0 3.970 12.952
5628 73.0 3.410 12.952
5640 73.0 2.870 12.803
5652 73.0 2.330 12.803
5664 73.0 1.770 12.635
5676 73.0 1.230 12.635
5688 73.0 0.671 12.635
5700 73.0 1.751 12.606
5712 73.0 1.356 12.629
5724 73.0 0.459 12.737
5736 73.0 -0.670 13.198
5748 73.0 -0.058 13.067
5760 73.0 -1.737 13.144
5772 73.0 -1.617 13.733
5784 73.0 -2.421 13.732
5796 73.0 -0.486 14.071
5808 73.0 -2.322 14.938
5820 73.0 -2.875 14.912
5832 73.0 -2.857 15.112
5664 87.0 3.373 45.436
5676 87.0 3.373 45.436
5688 87.0 3.410 45.436
5700 87.0 3.410 45.436
5712 87.0 3.410 45.436
5724 87.0 3.410 45.361
5736 87.0 3.410 45.361
5748 87.0 3.410 45.361
5760 87.0 3.437 45.321
5772 87.0 3.471 45.345
5784 87.0 3.473 45.444
5796 87.0 3.335 45.468
5808 87.0 3.327 45.425
5820 87.0 3.357 45.450
5832 87.0 3.369 45.429
5844 87.0 3.329 45.381
5856 87.0 3.326 45.460
5868 87.0 3.329 45.398
5880 87.0 3.334 45.443
5892 87.0 3.273 45.513
5724 71.0 -12.151 -2.218
5736 71.0 -12.430 -2.833
5748 71.0 -12.710 -3.280
5760 71.0 -12.971 -3.895
5772 71.0 -13.250 -4.361
5784 71.0 -13.530 -4.827
5796 71.0 -13.791 -5.442
5808 71.0 -14.070 -5.889
5820 71.0 -13.238 -5.236
5832 71.0 -12.961 -6.199
5844 71.0 -12.996 -6.831
5856 71.0 -13.016 -7.429
5868 71.0 -13.289 -8.684
5880 71.0 -13.256 -7.640
5892 71.0 -12.872 -8.593
5904 71.0 -12.736 -8.332
5916 71.0 -12.917 -7.694
5928 71.0 -12.494 -10.050
5940 71.0 -12.717 -9.265
5952 71.0 -12.986 -9.688
6336 42.0 1.770 15.245
6348 42.0 1.062 15.245
6360 42.0 0.429 15.245
6372 42.0 -0.112 15.245
6384 42.0 -0.727 15.245
6396 42.0 -1.286 15.394
6408 42.0 -1.901 15.394
6420 42.0 -2.441 15.394
6432 42.0 -2.230 15.464
6444 42.0 -2.316 15.867
6456 42.0 -3.100 16.336
6468 42.0 -3.165 16.478
6480 42.0 -3.981 16.285
6492 42.0 -4.875 16.926
6504 42.0 -4.545 16.634
6516 42.0 -4.164 17.408
6528 42.0 -4.607 17.452
6540 42.0 -4.038 16.784
6552 42.0 -4.799 17.098
6564 42.0 -4.471 16.735
6504 40.0 3.765 44.206
6516 40.0 3.765 44.206
6528 40.0 3.765 44.206
6540 40.0 3.765 44.206
6552 40.0 3.765 44.206
6564 40.0 3.765 44.206
6576 40.0 3.765 44.206
6588 40.0 3.765 44.206
6600 40.0 3.761 44.204
6612 40.0 3.716 44.265
6624 40.0 3.687 44.222
6636 40.0 3.659 44.180
6648 40.0 3.565 44.172
6660 40.0 3.658 44.122
6672 40.0 3.589 44.168
6684 40.0 3.718 44.216
6696 40.0 3.697 44.209
6708 40.0 3.729 44.233
6720 40.0 3.673 44.192
6732 40.0 3.709 44.203
6504 44.0 -20.407 19.326
6516 44.0 -19.810 19.326
6528 44.0 -19.177 19.326
6540 44.0 -18.506 19.326
6552 44.0 -17.872 19.326
6564 44.0 -17.257 19.326
6576 44.0 -16.568 19.326
6588 44.0 -15.971 19.326
6600 44.0 -17.056 18.999
6612 44.0 -17.821 19.000
6624 44.0 -17.993 18.889
6636 44.0 -17.168 18.839
6648 44.0 -17.240 19.059
6660 44.0 -17.319 19.084
6672 44.0 -17.084 18.622
6684 44.0 -16.579 19.271
6696 44.0 -16.299 19.472
6708 44.0 -15.902 19.207
6720 44.0 -16.346 19.443
6732 44.0 -15.976 19.311
6504 46.0 -7.492 -5.367
6516 46.0 -7.492 -5.367
6528 46.0 -7.492 -5.367
6540 46.0 -7.492 -5.367
6552 46.0 -7.492 -5.367
6564 46.0 -7.492 -5.367
6576 46.0 -7.492 -5.367
6588 46.0 -7.492 -5.367
6600 46.0 -7.457 -5.373
6612 46.0 -7.446 -5.401
6624 46.0 -7.457 -5.352
6636 46.0 -7.487 -5.369
6648 46.0 -7.522 -5.348
6660 46.0 -7.557 -5.350
6672 46.0 -7.486 -5.357
6684 46.0 -7.487 -5.316
6696 46.0 -7.528 -5.278
6708 46.0 -7.524 -5.332
6720 46.0 -7.557 -5.354
6732 46.0 -7.555 -5.320
6576 43.0 -10.604 16.251
6588 43.0 -11.014 16.251
6600 43.0 -11.499 16.251
6612 43.0 -11.983 16.251
6624 43.0 -12.468 16.251
6636 43.0 -13.008 16.251
6648 43.0 -13.549 16.251
6660 43.0 -14.108 16.400
6672 43.0 -13.498 16.338
6684 43.0 -13.663 16.722
6696 43.0 -13.573 16.889
6708 43.0 -14.089 16.969
6720 43.0 -14.236 16.741
6732 43.0 -14.228 16.924
6744 43.0 -13.850 17.051
6756 43.0 -13.818 16.852
6768 43.0 -15.496 16.933
6780 43.0 -15.404 17.065
6792 43.0 -17.959 17.484
6804 43.0 -16.965 17.515
6744 41.0 3.765 44.206
6756 41.0 3.765 44.206
6768 41.0 3.765 44.206
6780 41.0 3.765 44.206
6792 41.0 3.765 44.206
6804 41.0 3.765 44.206
6816 41.0 3.765 44.206
6828 41.0 3.765 44.206
6840 41.0 3.791 44.202
6852 41.0 3.712 44.309
6864 41.0 3.727 44.345
6876 41.0 3.857 44.309
6888 41.0 3.830 44.192
6900 41.0 3.819 44.301
6912 41.0 3.813 44.272
6924 41.0 3.775 44.247
6936 41.0 3.786 44.272
6948 41.0 3.846 44.254
6960 41.0 3.805 44.256
6972 41.0 3.862 44.265
6744 45.0 -7.734 19.475
6756 45.0 -7.100 19.475
6768 45.0 -6.430 19.475
6780 45.0 -5.796 19.475
6792 45.0 -5.200 19.475
6804 45.0 -4.566 19.475
6816 45.0 -3.951 19.475
6828 45.0 -3.261 19.475
6840 45.0 -3.997 19.536
6852 45.0 -2.957 19.061
6864 45.0 -2.898 19.241
6876 45.0 -3.443 18.348
6888 45.0 -3.372 19.999
6900 45.0 -3.615 19.152
6912 45.0 -3.091 19.079
6924 45.0 -3.421 18.969
6936 45.0 -3.721 19.580
6948 45.0 -2.604 19.305
6960 45.0 -2.144 19.612
6972 45.0 -3.756 20.803
6744 47.0 -7.492 -5.367
6756 47.0 -7.492 -5.367
6768 47.0 -7.492 -5.367
6780 47.0 -7.492 -5.367
6792 47.0 -7.492 -5.367
6804 47.0 -7.492 -5.367
6816 47.0 -7.492 -5.367
6828 47.0 -7.492 -5.367
6840 47.0 -7.519 -5.352
6852 47.0 -7.541 -5.339
6864 47.0 -7.510 -5.330
6876 47.0 -7.470 -5.308
6888 47.0 -7.471 -5.332
6900 47.0 -7.445 -5.367
6912 47.0 -7.471 -5.328
6924 47.0 -7.480 -5.350
6936 47.0 -7.393 -5.365
6948 47.0 -7.403 -5.396
6960 47.0 -7.414 -5.403
6972 47.0 -7.374 -5.426
6840 2.0 5.032 14.406
6852 2.0 4.417 14.406
6864 2.0 3.802 14.555
6876 2.0 3.168 14.555
6888 2.0 2.572 14.704
6900 2.0 1.938 14.704
6912 2.0 1.323 14.704
6924 2.0 0.708 14.872
6936 2.0 0.763 14.139
6948 2.0 0.910 15.033
6960 2.0 0.596 15.039
6972 2.0 -0.068 15.051
6984 2.0 -0.674 15.851
6996 2.0 -1.126 15.719
7008 2.0 -2.359 15.470
7020 2.0 -3.599 16.194
7032 2.0 -1.391 15.842
7044 2.0 -2.032 16.299
7056 2.0 -1.924 16.320
7068 2.0 -1.920 16.648
6888 0.0 3.578 19.158
6900 0.0 3.243 18.543
6912 0.0 2.833 17.928
6924 0.0 2.497 17.313
6936 0.0 2.143 16.698
6948 0.0 1.733 16.102
6960 0.0 1.398 15.468
6972 0.0 0.988 14.872
6984 0.0 2.553 14.533
6996 0.0 1.746 11.384
7008 0.0 1.781 12.259
7020 0.0 2.300 12.394
7032 0.0 2.536 12.797
7044 0.0 1.846 12.752
7056 0.0 2.390 11.507
7068 0.0 2.285 11.715
7080 0.0 2.884 10.036
7092 0.0 2.709 12.821
7104 0.0 3.040 11.211
7116 0.0 3.326 14.216
6996 159.0 -17.369 -14.704
7008 159.0 -17.295 -14.406
7020 159.0 -17.090 -13.623
7032 159.0 -16.940 -13.027
7044 159.0 -16.885 -12.412
7056 159.0 -16.885 -11.797
7068 159.0 -16.885 -11.182
7080 159.0 -16.940 -10.567
7092 159.0 -17.235 -10.344
7104 159.0 -16.961 -10.444
7116 159.0 -17.223 -9.690
7128 159.0 -16.930 -10.035
7140 159.0 -17.458 -9.605
7152 159.0 -17.119 -9.774
7164 159.0 -17.252 -9.232
7176 159.0 -16.994 -8.214
7188 159.0 -17.419 -8.175
7200 159.0 -16.165 -6.498
7212 159.0 -16.625 -4.300
7224 159.0 -17.593 -7.149
7080 3.0 -6.001 14.164
7092 3.0 -6.635 14.164
7104 3.0 -7.231 14.164
7116 3.0 -7.939 14.015
7128 3.0 -8.535 14.015
7140 3.0 -9.132 14.015
7152 3.0 -9.859 14.015
7164 3.0 -10.343 14.015
7176 3.0 -9.891 14.249
7188 3.0 -9.521 14.119
7200 3.0 -10.861 14.349
7212 3.0 -10.468 13.925
7224 3.0 -10.897 14.652
7236 3.0 -11.751 14.908
7248 3.0 -9.800 15.039
7260 3.0 -11.697 15.013
7272 3.0 -11.879 14.669
7284 3.0 -12.502 15.532
7296 3.0 -12.444 15.346
7308 3.0 -12.843 15.744
7128 1.0 -4.324 7.734
7140 1.0 -4.808 7.287
7152 1.0 -5.293 6.821
7164 1.0 -5.665 6.280
7176 1.0 -6.001 5.665
7188 1.0 -6.430 5.069
7200 1.0 -6.802 4.454
7212 1.0 -7.138 3.914
7224 1.0 -6.112 4.632
7236 1.0 -6.979 5.072
7248 1.0 -6.280 4.526
7260 1.0 -6.448 4.307
7272 1.0 -6.834 3.649
7284 1.0 -6.631 4.077
7296 1.0 -6.546 3.930
7308 1.0 -7.135 4.426
7320 1.0 -7.248 4.594
7332 1.0 -7.611 3.559
7344 1.0 -7.993 4.022
7356 1.0 -6.532 4.199
7236 160.0 -16.885 -2.590
7248 160.0 -16.885 -1.994
7260 160.0 -16.829 -1.379
7272 160.0 -16.829 -0.764
7284 160.0 -16.754 -0.149
7296 160.0 -16.754 0.466
7308 160.0 -16.680 1.081
7320 160.0 -16.680 1.696
7332 160.0 -16.843 1.668
7344 160.0 -16.144 1.695
7356 160.0 -16.356 2.640
7368 160.0 -16.381 1.836
7380 160.0 -16.918 1.808
7392 160.0 -16.688 2.757
7404 160.0 -16.465 2.933
7416 160.0 -16.881 3.742
7428 160.0 -16.902 4.752
7440 160.0 -16.381 3.942
7452 160.0 -16.517 4.795
7464 160.0 -16.890 5.605
7308 157.0 4.696 13.791
7320 157.0 4.137 13.642
7332 157.0 3.653 13.493
7344 157.0 3.112 13.325
7356 157.0 2.628 13.176
7368 157.0 2.087 13.027
7380 157.0 1.603 12.878
7392 157.0 1.118 12.729
7404 157.0 1.498 13.796
7416 157.0 0.447 14.100
7428 157.0 0.403 13.198
7440 157.0 -0.238 14.414
7452 157.0 -0.608 13.304
7464 157.0 -1.542 14.572
7476 157.0 -1.122 13.718
7488 157.0 -0.076 13.295
7500 157.0 -1.124 13.724
7512 157.0 -0.532 14.294
7524 157.0 0.110 13.739
7536 157.0 -0.295 13.978
7476 161.0 -15.990 9.970
7488 161.0 -15.990 10.418
7500 161.0 -15.990 11.033
7512 161.0 -16.102 11.797
7524 161.0 -16.176 12.561
7536 161.0 -16.232 13.418
7548 161.0 -16.307 14.164
7560 161.0 -16.381 15.021
7572 161.0 -15.871 14.294
7584 161.0 -15.361 14.482
7596 161.0 -15.618 15.683
7608 161.0 -15.353 16.361
7620 161.0 -16.288 17.395
7632 161.0 -15.881 17.445
7644 161.0 -16.063 17.022
7656 161.0 -16.092 14.911
7668 161.0 -16.217 15.452
7680 161.0 -16.105 20.743
7692 161.0 -16.113 21.508
7704 161.0 -16.053 17.110
7548 158.0 -5.945 11.797
7560 158.0 -6.560 11.815
7572 158.0 -7.212 11.965
7584 158.0 -7.827 12.039
7596 158.0 -8.442 12.020
7608 158.0 -9.076 12.020
7620 158.0 -9.616 12.020
7632 158.0 -10.231 12.020
7644 158.0 -9.390 11.677
7656 158.0 -9.436 12.335
7668 158.0 -10.005 12.486
7680 158.0 -11.036 12.913
7692 158.0 -9.962 12.495
7704 158.0 -11.126 13.034
7716 158.0 -12.152 13.776
7728 158.0 -11.799 13.660
7740 158.0 -12.482 13.891
7752 158.0 -12.524 13.747
7764 158.0 -12.403 14.115
7776 158.0 -12.968 14.285
8496 16.0 -1.826 21.618
8508 16.0 -1.565 21.618
8520 16.0 -1.155 21.618
8532 16.0 -0.727 21.618
8544 16.0 -0.261 21.767
8556 16.0 0.149 21.767
8568 16.0 0.634 21.767
8580 16.0 1.044 21.767
8592 16.0 0.816 21.314
8604 16.0 0.292 21.321
8616 16.0 0.598 21.143
8628 16.0 1.234 21.473
8640 16.0 1.431 21.063
8652 16.0 1.634 21.362
8664 16.0 1.097 21.199
8676 16.0 1.626 20.925
8688 16.0 1.953 21.062
8700 16.0 2.128 21.255
8712 16.0 3.648 20.007
8724 16.0 3.296 20.087
8496 48.0 3.578 44.056
8508 48.0 3.578 44.056
8520 48.0 3.578 44.056
8532 48.0 3.578 44.056
8544 48.0 3.578 44.056
8556 48.0 3.578 44.056
8568 48.0 3.578 44.056
8580 48.0 3.578 44.056
8592 48.0 3.609 44.084
8604 48.0 3.618 44.116
8616 48.0 3.582 43.982
8628 48.0 3.575 44.029
8640 48.0 3.571 44.061
8652 48.0 3.563 44.034
8664 48.0 3.620 44.016
8676 48.0 3.645 44.009
8688 48.0 3.641 44.025
8700 48.0 3.649 44.049
8712 48.0 3.672 44.093
8724 48.0 3.672 44.091
8508 128.0 -7.138 -5.516
8520 128.0 -7.138 -5.516
8532 128.0 -7.138 -5.516
8544 128.0 -7.138 -5.516
8556 128.0 -7.138 -5.516
8568 128.0 -7.138 -5.516
8580 128.0 -7.138 -5.516
8592 128.0 -7.138 -5.516
8604 128.0 -7.114 -5.541
8616 128.0 -7.194 -5.547
8628 128.0 -7.219 -5.494
8640 128.0 -7.174 -5.484
8652 128.0 -7.185 -5.453
8664 128.0 -7.146 -5.523
8676 128.0 -7.116 -5.548
8688 128.0 -7.119 -5.532
8700 128.0 -7.104 -5.537
8712 128.0 -7.110 -5.564
8724 128.0 -7.079 -5.574
8736 128.0 -7.125 -5.497
8580 88.0 -25.625 14.015
8592 88.0 -25.215 13.120
8604 88.0 -24.880 12.188
8616 88.0 -24.470 11.256
8628 88.0 -24.115 10.660
8640 88.0 -23.780 9.877
8652 88.0 -23.370 9.281
8664 88.0 -23.016 8.647
8676 88.0 -23.590 9.268
8688 88.0 -23.293 9.763
8700 88.0 -22.495 8.116
8712 88.0 -23.117 8.964
8724 88.0 -22.556 8.239
8736 88.0 -21.553 6.488
8748 88.0 -21.862 5.770
8760 88.0 -22.466 8.086
8772 88.0 -22.502 7.212
8784 88.0 -23.231 6.452
8796 88.0 -22.070 6.847
8808 88.0 -22.648 5.277
8736 17.0 8.125 19.307
8748 17.0 8.591 19.009
8760 17.0 9.076 18.711
8772 17.0 9.560 18.543
8784 17.0 9.896 18.543
8796 17.0 9.896 18.543
8808 17.0 9.896 18.543
8820 17.0 9.896 18.543
8832 17.0 10.469 18.213
8844 17.0 10.679 18.241
8856 17.0 11.389 18.114
8868 17.0 11.939 17.724
8880 17.0 12.212 17.369
8892 17.0 12.577 16.795
8904 17.0 12.838 17.103
8916 17.0 13.618 15.994
8928 17.0 13.745 16.337
8940 17.0 13.970 16.556
8952 17.0 14.953 16.087
8964 17.0 14.920 16.117
8736 49.0 3.578 44.056
8748 49.0 3.578 44.056
8760 49.0 3.578 44.056
8772 49.0 3.578 44.056
8784 49.0 3.578 44.056
8796 49.0 3.578 44.056
8808 49.0 3.578 44.056
8820 49.0 3.578 44.056
8832 49.0 3.539 44.126
8844 49.0 3.544 44.141
8856 49.0 3.538 44.090
8868 49.0 3.514 44.107
8880 49.0 3.498 44.054
8892 49.0 3.518 44.045
8904 49.0 3.464 44.033
8916 49.0 3.417 44.081
8928 49.0 3.453 44.037
8940 49.0 3.417 43.956
8952 49.0 3.388 43.945
8964 49.0 3.388 43.972
8748 129.0 -7.138 -5.516
8760 129.0 -7.138 -5.516
8772 129.0 -7.138 -5.516
8784 129.0 -7.138 -5.516
8796 129.0 -7.138 -5.516
8808 129.0 -7.138 -5.516
8820 129.0 -7.138 -5.516
8832 129.0 -7.138 -5.516
8844 129.0 -7.152 -5.491
8856 129.0 -7.139 -5.480
8868 129.0 -7.165 -5.464
8880 129.0 -7.155 -5.469
8892 129.0 -7.124 -5.473
8904 129.0 -7.177 -5.468
8916 129.0 -7.187 -5.501
8928 129.0 -7.208 -5.460
8940 129.0 -7.151 -5.455
8952 129.0 -7.152 -5.547
8964 129.0 -7.142 -5.521
8976 129.0 -7.164 -5.450
8760 57.0 14.052 20.835
8772 57.0 14.462 21.693
8784 57.0 14.909 22.680
8796 57.0 15.245 22.997
8808 57.0 15.580 22.848
8820 57.0 15.878 22.680
8832 57.0 16.139 22.513
8844 57.0 16.475 22.364
8856 57.0 16.145 22.475
8868 57.0 15.971 21.926
8880 57.0 15.738 22.991
8892 57.0 16.310 23.037
8904 57.0 15.807 22.992
8916 57.0 15.970 24.025
8928 57.0 15.863 24.102
8940 57.0 15.856 24.748
8952 57.0 15.441 23.637
8964 57.0 15.761 24.045
8976 57.0 16.144 24.592
8988 57.0 15.990 26.083
