0 14.0 21.467 -17.871
12 14.0 20.844 -17.956
24 14.0 20.221 -18.040
36 14.0 19.711 -18.040
48 14.0 19.088 -18.125
60 14.0 18.465 -18.125
72 14.0 17.927 -18.125
84 14.0 17.332 -18.125
96 14.0 17.833 -17.453
108 14.0 18.583 -17.769
120 14.0 18.463 -18.031
132 14.0 18.232 -17.913
144 14.0 18.270 -18.606
156 14.0 17.610 -17.835
168 14.0 16.639 -17.262
180 14.0 15.288 -17.347
192 14.0 16.742 -18.367
204 14.0 16.316 -17.853
216 14.0 15.863 -18.201
228 14.0 15.604 -17.579
240 15.0 10.167 -17.078
252 15.0 9.629 -16.993
264 15.0 9.119 -16.794
276 15.0 8.496 -16.709
288 15.0 7.987 -16.539
300 15.0 7.590 -16.370
312 15.0 7.080 -16.200
324 15.0 6.542 -16.001
336 15.0 6.109 -15.993
348 15.0 6.186 -15.878
360 15.0 5.711 -15.666
372 15.0 5.612 -15.062
384 15.0 4.981 -15.570
396 15.0 4.398 -14.642
408 15.0 4.327 -14.656
420 15.0 3.938 -14.674
432 15.0 3.977 -14.587
444 15.0 3.586 -13.993
456 15.0 5.144 -15.007
468 15.0 3.411 -14.702
348 18.0 9.006 -18.295
360 18.0 9.459 -18.040
372 18.0 10.082 -17.786
384 18.0 10.705 -17.417
396 18.0 11.300 -17.163
408 18.0 11.923 -16.794
420 18.0 12.461 -16.709
432 18.0 13.084 -16.709
444 18.0 11.873 -17.263
456 18.0 10.864 -17.435
468 18.0 11.862 -17.451
480 18.0 11.439 -17.530
492 18.0 12.169 -17.467
504 18.0 12.040 -17.508
516 18.0 12.663 -18.619
528 18.0 12.015 -18.126
540 18.0 12.818 -17.657
552 18.0 13.265 -18.143
564 18.0 13.509 -18.374
576 18.0 13.473 -18.421
588 19.0 20.986 -16.313
600 19.0 21.722 -16.313
612 19.0 22.544 -16.313
624 19.0 23.252 -16.313
636 19.0 23.875 -16.426
648 19.0 24.611 -16.483
660 19.0 25.347 -16.681
672 19.0 25.970 -16.766
684 19.0 24.742 -16.911
696 19.0 25.073 -16.523
708 19.0 24.531 -17.198
720 19.0 25.521 -16.614
732 19.0 25.569 -17.334
744 19.0 26.341 -16.896
756 19.0 26.480 -17.419
768 19.0 26.577 -17.567
780 19.0 28.013 -17.844
792 19.0 26.407 -17.416
804 19.0 26.408 -17.405
816 19.0 31.328 -19.816
1188 0.0 32.569 -18.550
1200 0.0 31.889 -18.550
1212 0.0 31.266 -18.550
1224 0.0 30.643 -18.437
1236 0.0 30.134 -18.437
1248 0.0 29.510 -18.352
1260 0.0 28.887 -18.352
1272 0.0 28.264 -18.267
1284 0.0 29.568 -18.421
1296 0.0 28.851 -17.967
1308 0.0 28.147 -17.514
1320 0.0 27.526 -17.556
1332 0.0 26.930 -17.160
1344 0.0 26.649 -17.410
1356 0.0 27.342 -18.337
1368 0.0 25.823 -17.929
1380 0.0 27.061 -17.733
1392 0.0 27.037 -17.220
1404 0.0 26.836 -17.013
1416 0.0 26.516 -17.090
1188 1.0 32.569 -17.474
1200 1.0 31.889 -17.474
1212 1.0 31.266 -17.361
1224 1.0 30.757 -17.361
1236 1.0 30.134 -17.304
1248 1.0 29.510 -17.304
1260 1.0 28.887 -17.304
1272 1.0 28.264 -17.304
1284 1.0 28.288 -16.801
1296 1.0 27.667 -15.938
1308 1.0 27.433 -17.053
1320 1.0 26.762 -16.078
1332 1.0 25.744 -15.889
1344 1.0 26.820 -16.370
1356 1.0 26.817 -15.204
1368 1.0 26.360 -14.897
1380 1.0 26.768 -15.336
1392 1.0 25.569 -14.954
1404 1.0 24.734 -15.538
1416 1.0 26.087 -14.858
1188 2.0 32.569 -16.058
1200 2.0 31.889 -16.058
1212 2.0 31.181 -16.058
1224 2.0 30.558 -15.973
1236 2.0 29.850 -15.973
1248 2.0 29.227 -15.860
1260 2.0 28.717 -15.860
1272 2.0 28.094 -15.860
1284 2.0 28.522 -16.139
1296 2.0 28.271 -16.394
1308 2.0 27.480 -15.730
1320 2.0 28.908 -16.883
1332 2.0 27.319 -15.974
1344 2.0 27.860 -16.047
1356 2.0 27.551 -16.181
1368 2.0 27.643 -16.331
1380 2.0 26.240 -15.478
1392 2.0 26.638 -15.922
1404 2.0 26.734 -16.086
1416 2.0 27.664 -16.375
1188 34.0 32.711 -16.823
1200 34.0 31.946 -16.823
1212 34.0 31.323 -16.709
1224 34.0 30.813 -16.709
1236 34.0 30.190 -16.624
1248 34.0 29.567 -16.624
1260 34.0 28.944 -16.539
1272 34.0 28.434 -16.539
1284 34.0 28.273 -16.224
1296 34.0 27.465 -15.936
1308 34.0 28.306 -17.224
1320 34.0 28.263 -16.870
1332 34.0 28.069 -16.785
1344 34.0 27.258 -16.097
1356 34.0 27.374 -16.882
1368 34.0 27.094 -16.989
1380 34.0 25.892 -16.261
1392 34.0 26.335 -17.059
1404 34.0 27.233 -16.697
1416 34.0 25.419 -16.717
1188 36.0 32.343 -18.975
1200 36.0 31.606 -18.862
1212 36.0 31.011 -18.749
1224 36.0 30.445 -18.607
1236 36.0 29.879 -18.494
1248 36.0 29.256 -18.352
1260 36.0 28.604 -18.437
1272 36.0 28.066 -18.409
1284 36.0 28.798 -18.097
1296 36.0 28.799 -18.411
1308 36.0 28.131 -18.255
1320 36.0 28.751 -18.494
1332 36.0 29.278 -18.543
1344 36.0 28.204 -17.555
1356 36.0 27.578 -17.501
1368 36.0 26.998 -17.340
1380 36.0 28.007 -17.051
1392 36.0 25.201 -16.834
1404 36.0 26.177 -17.568
1416 36.0 24.895 -16.674
1428 35.0 20.674 -16.370
1440 35.0 20.051 -16.285
1452 35.0 19.315 -16.285
1464 35.0 18.805 -16.285
1476 35.0 18.295 -16.370
1488 35.0 17.786 -16.370
1500 35.0 17.276 -16.370
1512 35.0 16.738 -16.285
1524 35.0 17.062 -15.535
1536 35.0 16.983 -16.243
1548 35.0 16.968 -16.239
1560 35.0 16.704 -15.913
1572 35.0 16.188 -15.217
1584 35.0 16.551 -15.882
1596 35.0 15.243 -15.365
1608 35.0 14.891 -15.147
1620 35.0 16.244 -15.428
1632 35.0 14.915 -15.259
1644 35.0 14.354 -14.910
1656 35.0 14.563 -15.527
1428 37.0 20.419 -18.324
1440 37.0 19.881 -18.324
1452 37.0 19.372 -18.324
1464 37.0 18.862 -18.324
1476 37.0 18.239 -18.210
1488 37.0 17.729 -18.210
1500 37.0 17.219 -18.125
1512 37.0 16.624 -18.012
1524 37.0 16.609 -18.466
1536 37.0 16.630 -17.687
1548 37.0 16.524 -17.279
1560 37.0 16.350 -17.694
1572 37.0 15.828 -17.845
1584 37.0 14.574 -17.342
1596 37.0 15.724 -17.285
1608 37.0 15.339 -16.851
1620 37.0 14.639 -16.209
1632 37.0 14.829 -16.862
1644 37.0 14.412 -16.554
1656 37.0 12.704 -14.747
1596 28.0 33.022 -18.040
1608 28.0 32.371 -18.012
1620 28.0 31.974 -17.871
1632 28.0 31.521 -17.757
1644 28.0 31.238 -17.644
1656 28.0 30.842 -17.474
1668 28.0 30.388 -17.332
1680 28.0 29.992 -17.247
1692 28.0 29.801 -17.164
1704 28.0 29.340 -16.424
1716 28.0 28.163 -16.133
1728 28.0 28.558 -16.545
1740 28.0 28.777 -16.449
1752 28.0 27.803 -16.997
1764 28.0 26.585 -16.242
1776 28.0 25.455 -16.570
1788 28.0 25.507 -16.373
1800 28.0 25.468 -16.303
1812 28.0 27.247 -17.699
1824 28.0 25.991 -16.728
1596 47.0 32.711 -18.947
1608 47.0 32.314 -18.975
1620 47.0 31.804 -18.749
1632 47.0 31.408 -18.465
1644 47.0 30.898 -18.324
1656 47.0 30.502 -18.125
1668 47.0 30.105 -18.040
1680 47.0 29.709 -17.956
1692 47.0 29.613 -17.651
1704 47.0 29.524 -17.465
1716 47.0 29.660 -17.622
1728 47.0 28.109 -17.088
1740 47.0 27.923 -17.395
1752 47.0 26.534 -16.474
1764 47.0 26.771 -16.534
1776 47.0 26.733 -16.305
1788 47.0 25.776 -16.039
1800 47.0 26.337 -16.627
1812 47.0 27.004 -16.618
1824 47.0 24.008 -14.913
1632 20.0 7.024 -16.228
1644 20.0 7.194 -16.228
1656 20.0 7.420 -16.143
1668 20.0 7.647 -16.143
1680 20.0 7.930 -16.058
1692 20.0 8.156 -16.058
1704 20.0 8.326 -15.973
1716 20.0 8.553 -15.973
1728 20.0 8.714 -16.291
1740 20.0 9.337 -16.241
1752 20.0 9.092 -16.460
1764 20.0 9.607 -16.843
1776 20.0 9.718 -16.624
1788 20.0 9.473 -16.570
1800 20.0 9.531 -16.822
1812 20.0 9.978 -16.480
1824 20.0 9.712 -16.737
1836 20.0 10.957 -16.963
1848 20.0 11.044 -17.048
1860 20.0 10.495 -16.622
1680 25.0 6.797 -17.786
1692 25.0 6.995 -17.786
1704 25.0 7.392 -17.672
1716 25.0 7.675 -17.672
1728 25.0 8.015 -17.616
1740 25.0 8.355 -17.616
1752 25.0 8.666 -17.502
1764 25.0 8.978 -17.502
1776 25.0 8.193 -17.394
1788 25.0 8.602 -17.448
1800 25.0 9.196 -17.366
1812 25.0 9.482 -17.407
1824 25.0 8.777 -17.307
1836 25.0 9.323 -17.529
1848 25.0 9.748 -16.942
1860 25.0 9.601 -16.915
1872 25.0 9.412 -17.288
1884 25.0 9.386 -17.764
1896 25.0 10.145 -18.090
1908 25.0 9.713 -17.101
1680 38.0 6.231 -16.681
1692 38.0 6.429 -16.681
1704 38.0 6.769 -16.681
1716 38.0 7.052 -16.681
1728 38.0 7.392 -16.681
1740 38.0 7.675 -16.681
1752 38.0 8.015 -16.681
1764 38.0 8.298 -16.681
1776 38.0 8.330 -16.613
1788 38.0 8.403 -16.864
1800 38.0 8.965 -16.899
1812 38.0 9.322 -17.156
1824 38.0 9.431 -16.221
1836 38.0 9.473 -16.881
1848 38.0 9.257 -16.262
1860 38.0 10.180 -16.584
1872 38.0 9.412 -16.522
1884 38.0 10.733 -17.183
1896 38.0 10.594 -16.349
1908 38.0 10.278 -16.599
1836 29.0 24.243 -16.539
1848 29.0 23.818 -16.455
1860 29.0 23.535 -16.370
1872 29.0 23.025 -16.539
1884 29.0 22.487 -16.738
1896 29.0 21.949 -16.908
1908 29.0 21.552 -16.964
1920 29.0 21.156 -17.078
1932 29.0 21.733 -16.590
1944 29.0 21.993 -16.310
1956 29.0 21.473 -16.593
1968 29.0 21.278 -16.280
1980 29.0 19.967 -16.235
1992 29.0 18.982 -15.949
2004 29.0 18.512 -15.958
2016 29.0 18.454 -15.683
2028 29.0 18.634 -16.462
2040 29.0 18.623 -16.165
2052 29.0 17.836 -14.672
2064 29.0 17.900 -15.466
1836 48.0 24.158 -17.502
1848 48.0 23.648 -17.672
1860 48.0 22.912 -17.672
1872 48.0 22.402 -17.616
1884 48.0 21.949 -17.616
1896 48.0 21.552 -17.672
1908 48.0 21.156 -17.786
1920 48.0 20.703 -17.871
1932 48.0 21.265 -17.327
1944 48.0 21.116 -16.683
1956 48.0 21.000 -17.178
1968 48.0 20.461 -16.673
1980 48.0 18.803 -16.711
1992 48.0 18.859 -16.431
2004 48.0 18.007 -15.491
2016 48.0 17.693 -15.484
2028 48.0 17.177 -15.698
2040 48.0 16.906 -13.202
2052 48.0 16.793 -14.744
2064 48.0 15.546 -13.262
1872 21.0 13.169 -15.520
1884 21.0 13.481 -15.520
1896 21.0 13.792 -15.520
1908 21.0 14.104 -15.520
1920 21.0 14.500 -15.520
1932 21.0 14.840 -15.520
1944 21.0 15.123 -15.463
1956 21.0 15.548 -15.463
1968 21.0 15.734 -15.653
1980 21.0 15.474 -15.486
1992 21.0 15.252 -15.542
2004 21.0 16.053 -15.388
2016 21.0 16.422 -15.054
2028 21.0 16.680 -15.020
2040 21.0 16.474 -14.663
2052 21.0 17.090 -14.877
2064 21.0 16.831 -14.350
2076 21.0 16.611 -14.719
2088 21.0 18.416 -14.920
2100 21.0 17.472 -15.028
1920 26.0 13.452 -17.247
1932 26.0 13.792 -17.163
1944 26.0 14.189 -17.049
1956 26.0 14.529 -16.993
1968 26.0 14.812 -16.993
1980 26.0 15.152 -16.879
1992 26.0 15.435 -16.823
2004 26.0 15.860 -16.823
2016 26.0 15.682 -16.816
2028 26.0 15.373 -16.961
2040 26.0 15.829 -16.459
2052 26.0 15.417 -16.487
2064 26.0 15.245 -16.303
2076 26.0 15.103 -16.326
2088 26.0 15.508 -15.747
2100 26.0 15.660 -16.163
2112 26.0 16.097 -16.100
2124 26.0 15.991 -16.324
2136 26.0 15.941 -16.794
2148 26.0 15.898 -16.359
1920 39.0 12.320 -16.285
1932 39.0 12.773 -16.200
1944 39.0 13.056 -16.200
1956 39.0 13.452 -16.200
1968 39.0 13.906 -16.200
1980 39.0 14.189 -16.200
1992 39.0 14.642 -16.200
2004 39.0 15.038 -16.228
2016 39.0 14.689 -16.415
2028 39.0 14.933 -16.328
2040 39.0 14.860 -16.668
2052 39.0 15.081 -16.445
2064 39.0 14.560 -16.539
2076 39.0 14.777 -16.378
2088 39.0 14.661 -17.016
2100 39.0 15.624 -17.087
2112 39.0 16.010 -16.973
2124 39.0 15.951 -16.184
2136 39.0 16.848 -16.684
2148 39.0 16.759 -16.147
2076 30.0 17.417 -16.879
2088 30.0 17.616 -16.936
2100 30.0 18.040 -16.936
2112 30.0 18.352 -17.021
2124 30.0 18.749 -17.021
2136 30.0 19.173 -17.106
2148 30.0 19.598 -17.106
2160 30.0 19.995 -17.106
2172 30.0 20.208 -17.128
2184 30.0 20.234 -17.138
2196 30.0 20.931 -17.843
2208 30.0 20.939 -17.722
2220 30.0 20.533 -17.495
2232 30.0 21.162 -17.420
2244 30.0 21.909 -17.296
2256 30.0 21.706 -18.000
2268 30.0 22.279 -18.195
2280 30.0 22.911 -18.608
2292 30.0 23.417 -18.715
2304 30.0 22.498 -17.522
2076 49.0 15.916 -17.474
2088 49.0 15.293 -17.389
2100 49.0 14.670 -17.219
2112 49.0 14.047 -17.106
2124 49.0 13.424 -17.106
2136 49.0 12.914 -17.106
2148 49.0 12.405 -17.106
2160 49.0 11.866 -17.219
2172 49.0 12.621 -17.198
2184 49.0 11.579 -16.090
2196 49.0 11.359 -16.878
2208 49.0 11.127 -16.650
2220 49.0 11.308 -16.506
2232 49.0 10.409 -16.397
2244 49.0 9.871 -16.236
2256 49.0 10.723 -15.638
2268 49.0 10.154 -15.626
2280 49.0 10.513 -15.862
2292 49.0 9.219 -15.254
2304 49.0 9.129 -15.478
2100 23.0 33.277 -18.494
2112 23.0 32.824 -18.833
2124 23.0 32.626 -18.833
2136 23.0 32.116 -18.749
2148 23.0 31.493 -18.550
2160 23.0 30.757 -18.380
2172 23.0 30.134 -18.210
2184 23.0 29.539 -18.040
2196 23.0 30.321 -17.654
2208 23.0 30.401 -17.464
2220 23.0 30.294 -17.624
2232 23.0 29.747 -17.576
2244 23.0 29.862 -16.770
2256 23.0 29.023 -16.667
2268 23.0 28.532 -16.505
2280 23.0 27.269 -16.593
2292 23.0 28.696 -16.422
2304 23.0 27.610 -16.001
2316 23.0 27.221 -15.869
2328 23.0 26.366 -15.432
2112 22.0 20.504 -15.831
2124 22.0 20.844 -15.831
2136 22.0 21.127 -15.831
2148 22.0 21.467 -15.831
2160 22.0 21.751 -15.945
2172 22.0 22.090 -16.001
2184 22.0 22.487 -16.115
2196 22.0 22.798 -16.171
2208 22.0 23.781 -16.598
2220 22.0 23.376 -16.381
2232 22.0 24.449 -16.343
2244 22.0 23.844 -16.327
2256 22.0 23.717 -15.571
2268 22.0 24.490 -15.923
2280 22.0 24.222 -15.463
2292 22.0 24.186 -16.192
2304 22.0 23.922 -15.446
2316 22.0 24.468 -15.250
2328 22.0 25.056 -15.665
2340 22.0 24.736 -14.967
2160 27.0 21.467 -17.247
2172 27.0 21.864 -17.247
2184 27.0 22.260 -17.247
2196 27.0 22.600 -17.247
2208 27.0 22.997 -17.247
2220 27.0 23.421 -17.361
2232 27.0 23.733 -17.361
2244 27.0 24.016 -17.417
2256 27.0 23.827 -17.470
2268 27.0 24.155 -17.960
2280 27.0 24.312 -17.814
2292 27.0 24.438 -18.096
2304 27.0 25.007 -18.319
2316 27.0 25.761 -18.055
2328 27.0 24.933 -17.898
2340 27.0 24.865 -18.137
2352 27.0 25.968 -17.829
2364 27.0 26.548 -17.608
2376 27.0 27.169 -17.634
2388 27.0 26.563 -17.535
2160 40.0 20.136 -16.200
2172 40.0 20.589 -16.256
2184 40.0 20.986 -16.370
2196 40.0 21.297 -16.370
2208 40.0 21.722 -16.455
2220 40.0 22.119 -16.539
2232 40.0 22.430 -16.653
2244 40.0 22.855 -16.653
2256 40.0 22.649 -16.940
2268 40.0 23.126 -16.935
2280 40.0 23.636 -16.834
2292 40.0 24.026 -17.451
2304 40.0 24.223 -17.511
2316 40.0 24.899 -17.463
2328 40.0 24.939 -17.352
2340 40.0 24.630 -17.741
2352 40.0 24.379 -17.689
2364 40.0 26.007 -18.225
2376 40.0 26.429 -18.465
2388 40.0 26.562 -18.954
2316 31.0 25.376 -17.021
2328 31.0 25.800 -17.191
2340 31.0 26.197 -17.304
2352 31.0 26.622 -17.474
2364 31.0 27.047 -17.644
2376 31.0 27.443 -17.814
2388 31.0 27.981 -17.814
2400 31.0 28.604 -17.729
2412 31.0 28.710 -17.984
2424 31.0 28.888 -18.257
2436 31.0 29.275 -18.339
2448 31.0 29.055 -18.051
2460 31.0 28.016 -18.499
2472 31.0 29.408 -18.940
2484 31.0 30.280 -19.378
2496 31.0 31.091 -20.145
2508 31.0 30.314 -19.776
2520 31.0 33.177 -20.995
2532 31.0 31.607 -20.673
2544 31.0 33.154 -21.852
2340 24.0 22.487 -17.956
2352 24.0 21.977 -17.871
2364 24.0 21.354 -17.871
2376 24.0 20.731 -17.871
2388 24.0 19.995 -17.871
2400 24.0 19.372 -17.871
2412 24.0 18.749 -17.871
2424 24.0 18.125 -17.871
2436 24.0 19.152 -17.430
2448 24.0 18.901 -17.731
2460 24.0 18.809 -17.326
2472 24.0 18.676 -16.638
2484 24.0 18.515 -17.231
2496 24.0 17.842 -16.245
2508 24.0 16.228 -16.496
2520 24.0 17.381 -16.949
2532 24.0 17.375 -16.921
2544 24.0 16.411 -16.718
2556 24.0 16.616 -16.668
2568 24.0 16.789 -15.707
2568 11.0 5.919 -21.212
2580 11.0 6.457 -20.788
2592 11.0 7.080 -20.419
2604 11.0 7.703 -20.080
2616 11.0 8.298 -19.711
2628 11.0 8.836 -19.372
2640 11.0 9.233 -19.032
2652 11.0 9.629 -18.664
2664 11.0 8.217 -20.315
2676 11.0 8.872 -20.249
2688 11.0 9.105 -20.525
2700 11.0 8.875 -21.061
2712 11.0 9.070 -21.421
2724 11.0 9.376 -21.045
2736 11.0 9.910 -21.094
2748 11.0 9.298 -20.965
2760 11.0 10.111 -21.517
2772 11.0 9.920 -21.602
2784 11.0 11.107 -21.636
2796 11.0 10.388 -20.672
2808 12.0 17.389 -17.502
2820 12.0 18.125 -17.502
2832 12.0 18.749 -17.616
2844 12.0 19.372 -17.616
2856 12.0 20.108 -17.616
2868 12.0 20.731 -17.672
2880 12.0 21.354 -17.672
2892 12.0 21.977 -17.786
2904 12.0 20.211 -17.375
2916 12.0 21.203 -17.915
2928 12.0 20.717 -17.487
2940 12.0 20.714 -17.729
2952 12.0 20.698 -17.298
2964 12.0 21.654 -17.445
2976 12.0 21.976 -18.195
2988 12.0 21.866 -18.370
3000 12.0 22.124 -18.465
3012 12.0 22.350 -18.011
3024 12.0 22.732 -18.303
3036 12.0 21.948 -17.944
2868 13.0 -9.544 -15.010
2880 13.0 -10.281 -14.812
2892 13.0 -10.790 -14.642
2904 13.0 -11.413 -14.472
2916 13.0 -11.923 -14.302
2928 13.0 -12.461 -14.302
2940 13.0 -12.886 -14.302
2952 13.0 -13.396 -14.302
2964 13.0 -13.396 -14.068
2976 13.0 -13.395 -14.324
2988 13.0 -15.436 -13.480
3000 13.0 -15.267 -13.305
3012 13.0 -14.974 -14.155
3024 13.0 -17.072 -13.538
3036 13.0 -15.863 -12.366
3048 13.0 -15.121 -12.916
3060 13.0 -15.811 -13.160
3072 13.0 -16.519 -12.297
3084 13.0 -15.577 -13.157
3096 13.0 -16.259 -12.545
4296 41.0 31.918 10.479
4308 41.0 31.918 9.856
4320 41.0 31.918 9.233
4332 41.0 31.918 8.610
4344 41.0 31.918 7.987
4356 41.0 31.918 7.363
4368 41.0 31.918 6.740
4380 41.0 31.804 5.891
4392 41.0 32.208 6.692
4404 41.0 32.309 6.672
4416 41.0 32.265 5.683
4428 41.0 31.967 5.277
4440 41.0 31.856 4.373
4452 41.0 31.855 5.579
4464 41.0 31.694 4.229
4476 41.0 31.607 4.451
4488 41.0 31.731 4.049
4500 41.0 31.940 3.999
4512 41.0 31.785 2.241
4524 41.0 31.547 -0.553
4344 6.0 33.362 -11.923
4356 6.0 33.362 -11.555
4368 6.0 33.362 -11.187
4380 6.0 33.362 -10.847
4392 6.0 33.419 -10.507
4404 6.0 33.419 -10.224
4416 6.0 33.419 -9.941
4428 6.0 33.305 -9.488
4440 6.0 33.693 -9.427
4452 6.0 33.573 -9.095
4464 6.0 33.476 -8.523
4476 6.0 33.540 -8.401
4488 6.0 33.695 -8.180
4500 6.0 33.812 -7.305
4512 6.0 33.441 -8.604
4524 6.0 33.567 -7.771
4536 6.0 33.480 -7.927
4548 6.0 33.640 -6.969
4560 6.0 33.591 -6.467
4572 6.0 33.539 -6.588
4536 42.0 32.258 -2.804
4548 42.0 32.258 -3.427
4560 42.0 32.059 -4.333
4572 42.0 32.484 -4.673
4584 42.0 32.258 -5.126
4596 42.0 31.748 -5.749
4608 42.0 31.635 -6.401
4620 42.0 31.748 -6.797
4632 42.0 31.798 -7.035
4644 42.0 31.924 -7.877
4656 42.0 31.946 -7.716
4668 42.0 31.420 -9.846
4680 42.0 31.307 -9.628
4692 42.0 31.032 -9.842
4704 42.0 31.269 -9.838
4716 42.0 31.394 -9.834
4728 42.0 31.075 -8.480
4740 42.0 31.870 -6.968
4752 42.0 31.401 -9.909
4764 42.0 31.611 -12.612
4584 7.0 32.682 -7.052
4596 7.0 32.682 -7.052
4608 7.0 32.796 -7.137
4620 7.0 32.796 -7.250
4632 7.0 32.881 -7.307
4644 7.0 32.881 -7.647
4656 7.0 32.881 -7.930
4668 7.0 32.881 -8.100
4680 7.0 33.229 -7.907
4692 7.0 32.940 -7.780
4704 7.0 32.998 -7.999
4716 7.0 33.005 -8.086
4728 7.0 33.002 -7.917
4740 7.0 32.803 -8.293
4752 7.0 33.140 -8.536
4764 7.0 32.567 -8.966
4776 7.0 32.713 -9.352
4788 7.0 32.782 -9.696
4800 7.0 32.911 -10.378
4812 7.0 33.055 -10.885
4596 16.0 32.824 -18.494
4608 16.0 32.201 -18.324
4620 16.0 31.804 -18.210
4632 16.0 31.380 -18.125
4644 16.0 30.983 -17.956
4656 16.0 30.360 -17.956
4668 16.0 29.935 -17.871
4680 16.0 29.822 -17.871
4692 16.0 30.172 -17.935
4704 16.0 29.126 -17.640
4716 16.0 29.301 -17.059
4728 16.0 30.219 -17.650
4740 16.0 28.361 -17.217
4752 16.0 28.456 -16.645
4764 16.0 28.669 -17.451
4776 16.0 28.163 -16.784
4788 16.0 26.684 -16.453
4800 16.0 27.184 -16.802
4812 16.0 26.148 -16.775
4824 16.0 26.900 -17.156
4776 43.0 31.861 -11.753
4788 43.0 31.804 -12.036
4800 43.0 31.804 -12.291
4812 43.0 31.918 -12.575
4824 43.0 31.974 -12.886
4836 43.0 31.635 -13.226
4848 43.0 31.635 -13.934
4860 43.0 31.635 -14.302
4872 43.0 31.859 -14.147
4884 43.0 31.803 -15.207
4896 43.0 31.710 -15.739
4908 43.0 31.577 -16.229
4920 43.0 31.835 -16.781
4932 43.0 31.630 -16.987
4944 43.0 31.603 -17.241
4956 43.0 31.562 -18.694
4968 43.0 31.584 -17.986
4980 43.0 31.759 -18.591
4992 43.0 31.570 -19.435
5004 43.0 31.573 -20.868
4824 8.0 32.796 -12.631
4836 8.0 32.796 -12.971
4848 8.0 32.796 -13.764
4860 8.0 32.796 -13.934
4872 8.0 32.796 -14.104
4884 8.0 32.682 -14.274
4896 8.0 32.682 -14.840
4908 8.0 32.428 -15.350
4920 8.0 32.645 -15.554
4932 8.0 32.618 -16.316
4944 8.0 32.440 -17.050
4956 8.0 32.561 -16.873
4968 8.0 32.424 -17.772
4980 8.0 32.609 -18.861
4992 8.0 32.447 -19.192
5004 8.0 32.283 -20.603
5016 8.0 32.268 -21.438
5028 8.0 32.472 -20.676
5040 8.0 32.121 -19.270
5052 8.0 31.659 -19.798
4836 17.0 22.912 -17.417
4848 17.0 22.600 -17.531
4860 17.0 22.289 -17.531
4872 17.0 21.354 -17.531
4884 17.0 20.618 -17.531
4896 17.0 20.306 -17.531
4908 17.0 19.683 -17.417
4920 17.0 19.060 -17.417
4932 17.0 19.927 -17.110
4944 17.0 19.663 -16.798
4956 17.0 19.521 -17.122
4968 17.0 18.584 -16.103
4980 17.0 18.154 -16.458
4992 17.0 17.539 -16.005
5004 17.0 18.110 -16.122
5016 17.0 17.445 -15.492
5028 17.0 17.578 -15.345
5040 17.0 16.069 -14.825
5052 17.0 16.462 -15.602
5064 17.0 16.885 -15.217
4944 4.0 32.937 -17.644
4956 4.0 32.428 -17.814
4968 4.0 32.031 -17.814
4980 4.0 31.918 -17.814
4992 4.0 31.295 -17.814
5004 4.0 30.672 -17.842
5016 4.0 30.190 -17.729
5028 4.0 29.680 -17.644
5040 4.0 30.237 -17.741
5052 4.0 29.410 -17.853
5064 4.0 29.034 -17.143
5076 4.0 29.406 -18.361
5088 4.0 28.116 -17.345
5100 4.0 28.313 -17.770
5112 4.0 28.120 -16.674
5124 4.0 27.808 -17.918
5136 4.0 29.097 -17.080
5148 4.0 27.295 -16.958
5160 4.0 27.417 -16.767
5172 4.0 28.050 -17.094
4944 32.0 32.739 -18.437
4956 32.0 32.229 -18.437
4968 32.0 31.493 -18.607
4980 32.0 30.870 -18.352
4992 32.0 30.558 -18.267
5004 32.0 30.303 -18.324
5016 32.0 29.935 -18.324
5028 32.0 29.624 -18.352
5040 32.0 29.829 -17.654
5052 32.0 28.790 -17.951
5064 32.0 28.469 -18.249
5076 32.0 28.302 -17.536
5088 32.0 27.829 -18.080
5100 32.0 27.845 -17.778
5112 32.0 27.569 -17.724
5124 32.0 27.578 -17.997
5136 32.0 26.889 -17.549
5148 32.0 27.789 -18.215
5160 32.0 26.772 -17.414
5172 32.0 26.056 -17.694
5016 44.0 31.181 -16.511
5028 44.0 31.238 -16.483
5040 44.0 31.351 -16.455
5052 44.0 31.351 -16.455
5064 44.0 31.408 -16.455
5076 44.0 31.408 -16.426
5088 44.0 31.181 -16.455
5100 44.0 30.785 -16.539
5112 44.0 30.967 -16.391
5124 44.0 30.837 -16.409
5136 44.0 30.874 -16.412
5148 44.0 31.006 -16.479
5160 44.0 31.030 -16.433
5172 44.0 30.962 -16.426
5184 44.0 30.937 -16.472
5196 44.0 30.899 -16.402
5208 44.0 30.928 -16.382
5220 44.0 30.839 -16.494
5232 44.0 30.841 -16.378
5244 44.0 30.712 -16.404
5064 9.0 31.550 -17.332
5076 9.0 31.436 -17.389
5088 9.0 31.351 -17.502
5100 9.0 31.238 -17.559
5112 9.0 31.125 -17.701
5124 9.0 30.615 -17.729
5136 9.0 30.162 -17.814
5148 9.0 29.680 -17.899
5160 9.0 30.024 -17.737
5172 9.0 29.616 -17.581
5184 9.0 29.490 -17.391
5196 9.0 29.241 -17.259
5208 9.0 28.919 -17.101
5220 9.0 27.867 -16.803
5232 9.0 28.460 -17.402
5244 9.0 29.062 -17.338
5256 9.0 28.072 -17.207
5268 9.0 27.374 -16.789
5280 9.0 26.811 -16.374
5292 9.0 26.992 -16.430
5184 5.0 23.421 -16.539
5196 5.0 22.940 -16.539
5208 5.0 22.487 -16.539
5220 5.0 22.062 -16.511
5232 5.0 21.382 -16.455
5244 5.0 20.929 -16.455
5256 5.0 20.731 -16.539
5268 5.0 20.193 -16.455
5280 5.0 20.120 -15.874
5292 5.0 19.249 -15.411
5304 5.0 18.895 -14.714
5316 5.0 18.989 -14.956
5328 5.0 18.257 -15.003
5340 5.0 17.610 -14.735
5352 5.0 18.579 -15.241
5364 5.0 17.105 -14.027
5376 5.0 16.625 -14.001
5388 5.0 16.421 -13.598
5400 5.0 17.939 -14.421
5412 5.0 16.708 -13.985
5184 33.0 23.053 -17.644
5196 33.0 22.628 -17.559
5208 33.0 22.119 -17.474
5220 33.0 21.779 -17.446
5232 33.0 21.326 -17.219
5244 33.0 20.816 -17.219
5256 33.0 20.306 -17.219
5268 33.0 19.796 -17.219
5280 33.0 20.615 -16.803
5292 33.0 19.914 -16.941
5304 33.0 19.868 -17.256
5316 33.0 19.797 -16.744
5328 33.0 18.675 -15.897
5340 33.0 18.867 -16.619
5352 33.0 18.103 -16.411
5364 33.0 18.276 -16.584
5376 33.0 18.901 -16.500
5388 33.0 17.217 -15.872
5400 33.0 16.762 -16.069
5412 33.0 16.119 -15.590
5232 55.0 7.194 -19.428
5244 55.0 7.732 -19.145
5256 55.0 8.156 -18.975
5268 55.0 8.553 -18.692
5280 55.0 8.949 -18.437
5292 55.0 9.516 -18.182
5304 55.0 10.026 -18.012
5316 55.0 10.649 -17.899
5328 55.0 10.383 -18.532
5340 55.0 9.738 -18.755
5352 55.0 9.947 -18.474
5364 55.0 10.046 -18.530
5376 55.0 10.862 -18.944
5388 55.0 10.737 -19.062
5400 55.0 10.870 -18.944
5412 55.0 11.360 -19.306
5424 55.0 10.722 -18.933
5436 55.0 11.168 -19.250
5448 55.0 12.129 -18.803
5460 55.0 12.896 -20.053
5256 45.0 25.404 -17.247
5268 45.0 24.866 -17.163
5280 45.0 24.328 -17.163
5292 45.0 23.818 -17.163
5304 45.0 23.421 -17.049
5316 45.0 22.912 -17.049
5328 45.0 22.487 -16.993
5340 45.0 22.062 -16.879
5352 45.0 22.652 -17.357
5364 45.0 22.229 -16.313
5376 45.0 21.016 -16.363
5388 45.0 20.486 -16.000
5400 45.0 19.366 -15.770
5412 45.0 20.348 -16.132
5424 45.0 19.266 -16.005
5436 45.0 17.827 -15.477
5448 45.0 18.776 -16.494
5460 45.0 18.571 -15.519
5472 45.0 18.559 -15.815
5484 45.0 19.050 -15.514
5304 10.0 23.535 -18.069
5316 10.0 22.912 -18.069
5328 10.0 22.289 -18.069
5340 10.0 21.949 -18.125
5352 10.0 21.552 -18.125
5364 10.0 21.156 -18.125
5376 10.0 20.816 -18.125
5388 10.0 20.306 -18.069
5400 10.0 20.424 -18.072
5412 10.0 19.606 -17.896
5424 10.0 20.759 -17.723
5436 10.0 19.819 -17.269
5448 10.0 17.738 -16.845
5460 10.0 16.899 -17.331
5472 10.0 17.864 -17.141
5484 10.0 17.447 -16.810
5496 10.0 16.787 -17.011
5508 10.0 16.852 -17.070
5520 10.0 17.121 -16.378
5532 10.0 16.963 -16.926
5472 56.0 17.163 -18.069
5484 56.0 17.672 -18.069
5496 56.0 18.069 -18.069
5508 56.0 18.550 -18.069
5520 56.0 19.088 -18.040
5532 56.0 19.485 -17.956
5544 56.0 19.995 -17.927
5556 56.0 20.476 -17.871
5568 56.0 20.201 -17.929
5580 56.0 19.955 -18.329
5592 56.0 20.292 -18.081
5604 56.0 20.468 -18.253
5616 56.0 20.202 -17.632
5628 56.0 20.564 -17.514
5640 56.0 20.715 -18.528
5652 56.0 21.282 -17.882
5664 56.0 21.214 -17.940
5676 56.0 21.357 -17.741
5688 56.0 20.530 -17.908
5700 56.0 22.005 -17.788
5496 46.0 15.237 -16.455
5508 46.0 14.812 -16.539
5520 46.0 14.444 -16.624
5532 46.0 13.934 -16.624
5544 46.0 13.424 -16.624
5556 46.0 12.914 -16.624
5568 46.0 12.405 -16.624
5580 46.0 11.951 -16.624
5592 46.0 12.308 -16.160
5604 46.0 11.503 -16.150
5616 46.0 12.037 -16.443
5628 46.0 11.832 -15.875
5640 46.0 10.370 -16.489
5652 46.0 10.415 -16.645
5664 46.0 10.243 -16.140
5676 46.0 8.970 -16.192
5688 46.0 10.143 -16.764
5700 46.0 9.157 -15.514
5712 46.0 9.752 -16.455
5724 46.0 9.906 -16.163
5712 57.0 26.622 -16.709
5724 57.0 27.245 -16.709
5736 57.0 27.755 -16.709
5748 57.0 28.293 -16.709
5760 57.0 28.916 -16.709
5772 57.0 29.312 -16.709
5784 57.0 29.737 -16.709
5796 57.0 30.134 -16.709
5808 57.0 30.054 -16.787
5820 57.0 30.012 -16.493
5832 57.0 30.264 -16.970
5844 57.0 30.051 -16.190
5856 57.0 30.625 -16.207
5868 57.0 31.681 -15.863
5880 57.0 31.613 -15.721
5892 57.0 30.293 -15.756
5904 57.0 32.388 -16.599
5916 57.0 30.395 -15.493
5928 57.0 30.587 -15.341
5940 57.0 30.995 -15.954
5760 50.0 24.724 1.982
5772 50.0 24.866 1.784
5784 50.0 25.064 1.784
5796 50.0 25.631 1.982
5808 50.0 26.254 1.982
5820 50.0 26.820 1.982
5832 50.0 27.358 1.982
5844 50.0 27.981 1.982
5856 50.0 27.949 1.709
5868 50.0 27.663 1.999
5880 50.0 28.518 1.883
5892 50.0 28.099 2.041
5904 50.0 28.623 1.346
5916 50.0 29.018 2.013
5928 50.0 28.774 2.444
5940 50.0 29.170 2.145
5952 50.0 28.639 1.755
5964 50.0 29.316 2.131
5976 50.0 29.190 1.700
5988 50.0 28.536 2.652
6156 51.0 32.428 -19.287
6168 51.0 31.918 -19.117
6180 51.0 31.493 -18.833
6192 51.0 30.955 -18.664
6204 51.0 30.558 -18.380
6216 51.0 30.162 -18.324
6228 51.0 29.624 -18.324
6240 51.0 29.114 -18.324
6252 51.0 28.993 -17.778
6264 51.0 28.382 -16.857
6276 51.0 27.911 -17.121
6288 51.0 27.744 -16.525
6300 51.0 27.383 -16.609
6312 51.0 26.605 -16.646
6324 51.0 25.213 -15.451
6336 51.0 25.330 -14.088
6348 51.0 25.290 -15.283
6360 51.0 25.507 -14.636
6372 51.0 24.927 -15.274
6384 51.0 24.521 -14.560
6156 53.0 32.994 -18.720
6168 53.0 32.456 -18.437
6180 53.0 31.946 -18.182
6192 53.0 31.436 -17.927
6204 53.0 30.813 -17.927
6216 53.0 30.303 -17.814
6228 53.0 29.680 -17.814
6240 53.0 29.284 -17.814
6252 53.0 30.096 -17.219
6264 53.0 28.966 -16.626
6276 53.0 28.488 -16.855
6288 53.0 27.848 -17.034
6300 53.0 26.954 -16.399
6312 53.0 26.809 -16.002
6324 53.0 26.388 -15.664
6336 53.0 26.235 -15.475
6348 53.0 27.467 -15.902
6360 53.0 25.238 -15.820
6372 53.0 26.105 -15.983
6384 53.0 25.204 -15.596
6396 54.0 22.657 -17.729
6408 54.0 22.119 -17.644
6420 54.0 21.609 -17.474
6432 54.0 21.071 -17.474
6444 54.0 20.561 -17.474
6456 54.0 20.051 -17.389
6468 54.0 19.541 -17.389
6480 54.0 19.032 -17.304
6492 54.0 18.264 -16.997
6504 54.0 19.175 -16.948
6516 54.0 18.583 -16.437
6528 54.0 17.336 -15.983
6540 54.0 17.496 -16.562
6552 54.0 16.209 -15.716
6564 54.0 17.199 -15.991
6576 54.0 16.107 -14.941
6588 54.0 15.585 -14.593
6600 54.0 15.235 -14.914
6612 54.0 15.649 -14.827
6624 54.0 17.571 -14.913
8028 52.0 25.631 -8.949
8040 52.0 26.140 -9.063
8052 52.0 26.678 -9.233
8064 52.0 27.103 -9.403
8076 52.0 27.613 -9.572
8088 52.0 28.123 -9.742
8100 52.0 28.633 -9.856
8112 52.0 29.142 -10.026
8124 52.0 29.371 -10.141
8136 52.0 28.684 -9.919
8148 52.0 29.538 -9.792
8160 52.0 29.151 -10.057
8172 52.0 29.521 -10.174
8184 52.0 30.033 -9.751
8196 52.0 29.871 -9.921
8208 52.0 30.072 -10.179
8220 52.0 30.857 -10.536
8232 52.0 30.908 -11.129
8244 52.0 30.724 -11.149
8256 52.0 31.867 -11.251
8040 58.0 33.362 -15.180
8052 58.0 33.136 -14.274
8064 58.0 33.051 -13.254
8076 58.0 33.051 -12.744
8088 58.0 33.051 -12.575
8100 58.0 33.051 -12.405
8112 58.0 32.937 -12.121
8124 58.0 32.937 -11.612
8136 58.0 33.123 -11.475
8148 58.0 33.198 -11.317
8160 58.0 33.144 -10.314
8172 58.0 33.021 -10.468
8184 58.0 33.351 -9.392
8196 58.0 33.393 -7.281
8208 58.0 32.889 -8.033
8220 58.0 33.158 -7.482
8232 58.0 33.397 -7.074
8244 58.0 33.452 -7.763
8256 58.0 32.935 -8.322
8268 58.0 33.508 -7.328
8280 59.0 32.003 -4.531
8292 59.0 32.003 -4.022
8304 59.0 32.003 -3.455
8316 59.0 32.003 -2.860
8328 59.0 32.116 -2.266
8340 59.0 32.116 -1.643
8352 59.0 32.116 -1.076
8364 59.0 32.116 -0.566
8376 59.0 32.040 -0.257
8388 59.0 31.996 0.303
8400 59.0 32.076 1.056
8412 59.0 32.059 0.957
8424 59.0 32.295 1.230
8436 59.0 32.598 2.727
8448 59.0 32.465 2.395
8460 59.0 31.705 3.058
8472 59.0 32.243 4.608
8484 59.0 32.393 2.890
8496 59.0 32.433 2.497
8508 59.0 32.287 4.883
9252 60.0 5.296 -21.581
9264 60.0 4.843 -21.467
9276 60.0 5.353 -21.043
9288 60.0 5.862 -20.618
9300 60.0 6.372 -20.250
9312 60.0 6.995 -19.825
9324 60.0 7.420 -19.428
9336 60.0 7.845 -19.032
9348 60.0 6.962 -18.816
9360 60.0 6.266 -18.815
9372 60.0 6.366 -18.190
9384 60.0 7.011 -19.172
9396 60.0 6.155 -18.905
9408 60.0 6.762 -18.362
9420 60.0 6.621 -18.144
9432 60.0 6.120 -17.488
9444 60.0 6.515 -16.913
9456 60.0 6.741 -15.073
9468 60.0 7.363 -14.962
9480 60.0 6.800 -15.232
9492 61.0 16.341 -16.709
9504 61.0 17.049 -16.766
9516 61.0 17.757 -16.766
9528 61.0 18.437 -16.794
9540 61.0 19.230 -16.851
9552 61.0 19.881 -16.823
9564 61.0 20.674 -16.851
9576 61.0 21.411 -16.908
9588 61.0 19.455 -16.840
9600 61.0 19.533 -16.999
9612 61.0 20.028 -16.718
9624 61.0 20.376 -16.692
9636 61.0 20.361 -16.873
9648 61.0 20.579 -16.553
9660 61.0 20.151 -16.134
9672 61.0 20.221 -16.347
9684 61.0 20.073 -16.568
9696 61.0 21.174 -16.586
9708 61.0 21.328 -16.639
9720 61.0 21.523 -16.170
