0 1.0 16.085 13.733
12 1.0 15.567 13.889
24 1.0 15.082 14.027
36 1.0 14.563 14.166
48 1.0 14.079 14.304
60 1.0 13.595 14.442
72 1.0 13.111 14.581
84 1.0 12.782 14.719
96 1.0 13.397 14.881
108 1.0 13.302 15.068
120 1.0 12.962 15.462
132 1.0 12.315 15.597
144 1.0 10.557 16.502
156 1.0 9.693 17.281
168 1.0 9.890 17.382
180 1.0 9.673 17.585
192 1.0 8.904 17.868
204 1.0 9.487 17.832
216 1.0 8.596 17.950
228 1.0 6.348 19.364
0 5.0 -18.455 11.364
12 5.0 -17.953 11.364
24 5.0 -17.435 11.364
36 5.0 -16.916 11.364
48 5.0 -16.397 11.364
60 5.0 -15.878 11.364
72 5.0 -15.359 11.364
84 5.0 -14.979 11.364
96 5.0 -15.330 11.196
108 5.0 -14.616 11.322
120 5.0 -14.895 12.025
132 5.0 -14.364 11.944
144 5.0 -13.992 12.001
156 5.0 -13.422 11.671
168 5.0 -13.118 11.325
180 5.0 -13.088 11.567
192 5.0 -12.723 11.543
204 5.0 -13.564 12.696
216 5.0 -13.757 12.320
228 5.0 -15.646 11.907
0 7.0 -19.977 -5.275
12 7.0 -19.839 -5.552
24 7.0 -19.718 -5.690
36 7.0 -19.597 -5.967
48 7.0 -19.458 -6.106
60 7.0 -19.130 -6.106
72 7.0 -18.732 -6.106
84 7.0 -18.490 -6.244
96 7.0 -18.601 -6.285
108 7.0 -18.217 -6.787
120 7.0 -17.924 -6.982
132 7.0 -18.501 -6.727
144 7.0 -18.022 -7.203
156 7.0 -17.092 -7.410
168 7.0 -16.710 -7.671
180 7.0 -16.408 -7.932
192 7.0 -16.806 -8.314
204 7.0 -17.262 -7.715
216 7.0 -16.149 -8.528
228 7.0 -15.634 -9.394
0 10.0 16.501 -0.017
12 10.0 16.501 -0.017
24 10.0 16.501 -0.017
36 10.0 16.501 -0.017
48 10.0 16.501 -0.017
60 10.0 16.501 -0.017
72 10.0 16.501 -0.017
84 10.0 16.501 -0.017
96 10.0 16.533 -0.041
108 10.0 16.528 -0.072
120 10.0 16.507 -0.017
132 10.0 16.445 -0.033
144 10.0 16.422 0.023
156 10.0 16.387 0.022
168 10.0 16.396 0.032
180 10.0 16.468 0.032
192 10.0 16.451 0.014
204 10.0 16.404 0.023
216 10.0 16.443 -0.039
228 10.0 16.481 -0.036
0 12.0 6.002 10.533
12 12.0 6.382 10.257
24 12.0 6.832 10.118
36 12.0 7.299 9.963
48 12.0 7.766 9.824
60 12.0 8.147 9.547
72 12.0 8.596 9.409
84 12.0 9.046 9.271
96 12.0 9.338 8.595
108 12.0 9.659 8.822
120 12.0 10.454 8.425
132 12.0 10.696 8.449
144 12.0 11.990 7.546
156 12.0 12.275 7.978
168 12.0 10.888 8.440
180 12.0 12.761 7.946
192 12.0 13.084 7.886
204 12.0 13.499 7.905
216 12.0 11.255 8.834
228 12.0 12.755 7.213
108 3.0 -21.638 44.157
120 3.0 -21.361 43.742
132 3.0 -20.980 43.586
144 3.0 -20.600 43.448
156 3.0 -20.202 43.310
168 3.0 -19.804 43.171
180 3.0 -19.424 43.033
192 3.0 -19.043 43.033
204 3.0 -19.267 42.958
216 3.0 -18.906 42.701
228 3.0 -19.005 42.035
240 3.0 -18.615 41.725
252 3.0 -17.581 41.547
264 3.0 -17.019 40.975
276 3.0 -16.435 41.043
288 3.0 -15.927 40.581
300 3.0 -16.092 41.130
312 3.0 -16.010 41.244
324 3.0 -15.669 41.025
336 3.0 -15.703 40.683
240 2.0 6.555 15.982
252 2.0 6.036 15.982
264 2.0 5.517 16.120
276 2.0 5.050 16.258
288 2.0 4.532 16.258
300 2.0 4.220 16.397
312 2.0 3.892 16.674
324 2.0 3.632 16.812
336 2.0 3.974 16.978
348 2.0 2.910 17.524
360 2.0 2.613 17.118
372 2.0 2.543 17.445
384 2.0 2.364 17.091
396 2.0 0.320 17.754
408 2.0 1.158 17.833
420 2.0 0.536 17.553
432 2.0 -0.127 18.176
444 2.0 -0.953 18.139
456 2.0 -0.680 19.316
468 2.0 0.312 18.414
240 6.0 -10.343 11.848
252 6.0 -10.049 11.848
264 6.0 -9.686 11.848
276 6.0 -9.409 11.848
288 6.0 -9.046 11.848
300 6.0 -8.683 11.917
312 6.0 -7.956 11.917
324 6.0 -7.645 11.917
336 6.0 -8.309 11.709
348 6.0 -8.430 11.589
360 6.0 -8.581 11.476
372 6.0 -8.566 11.734
384 6.0 -8.181 10.929
396 6.0 -7.938 10.939
408 6.0 -7.593 11.032
420 6.0 -7.694 10.856
432 6.0 -6.691 10.521
444 6.0 -6.727 10.436
456 6.0 -6.144 10.437
468 6.0 -5.273 9.438
240 8.0 -18.282 -6.659
252 8.0 -18.282 -6.659
264 8.0 -18.282 -6.659
276 8.0 -18.282 -6.659
288 8.0 -18.282 -6.659
300 8.0 -18.282 -6.659
312 8.0 -18.282 -6.659
324 8.0 -18.282 -6.659
336 8.0 -18.332 -6.680
348 8.0 -18.307 -6.636
360 8.0 -18.312 -6.672
372 8.0 -18.342 -6.642
384 8.0 -18.280 -6.668
396 8.0 -18.264 -6.697
408 8.0 -18.230 -6.652
420 8.0 -18.245 -6.619
432 8.0 -18.265 -6.660
444 8.0 -18.310 -6.694
456 8.0 -18.250 -6.684
468 8.0 -18.285 -6.657
240 11.0 16.501 -0.017
252 11.0 16.501 -0.017
264 11.0 16.501 -0.017
276 11.0 16.501 -0.017
288 11.0 16.501 -0.017
300 11.0 16.501 -0.017
312 11.0 16.501 -0.017
324 11.0 16.501 -0.017
336 11.0 16.494 -0.017
348 11.0 16.463 -0.059
360 11.0 16.480 -0.027
372 11.0 16.488 0.016
384 11.0 16.491 -0.039
396 11.0 16.517 -0.043
408 11.0 16.511 -0.000
420 11.0 16.572 -0.005
432 11.0 16.573 0.020
444 11.0 16.510 0.041
456 11.0 16.509 0.010
468 11.0 16.506 -0.003
324 9.0 20.167 41.494
336 9.0 19.787 41.494
348 9.0 19.337 41.494
360 9.0 18.939 41.494
372 9.0 18.542 41.078
384 9.0 18.161 40.802
396 9.0 17.902 40.231
408 9.0 17.573 39.747
420 9.0 18.015 40.813
432 9.0 18.138 40.481
444 9.0 17.926 40.678
456 9.0 17.637 40.914
468 9.0 16.889 41.790
480 9.0 16.440 40.627
492 9.0 15.934 40.738
504 9.0 16.656 40.438
516 9.0 14.995 41.497
528 9.0 14.653 41.736
540 9.0 14.686 40.152
552 9.0 15.024 41.124
348 4.0 -14.131 41.217
360 4.0 -13.941 40.940
372 4.0 -13.750 40.663
384 4.0 -13.543 40.387
396 4.0 -13.543 39.816
408 4.0 -13.543 39.401
420 4.0 -13.543 38.968
432 4.0 -13.491 38.553
444 4.0 -13.253 38.131
456 4.0 -13.422 37.289
468 4.0 -13.107 37.156
480 4.0 -12.829 36.890
492 4.0 -13.164 36.135
504 4.0 -13.091 35.545
516 4.0 -13.500 35.873
528 4.0 -13.056 34.333
540 4.0 -12.930 32.972
552 4.0 -12.896 34.159
564 4.0 -13.167 32.178
576 4.0 -13.821 32.408
