312 104.0 -19.495 19.852
324 104.0 -19.309 19.852
336 104.0 -18.896 19.852
348 104.0 -18.268 19.852
360 104.0 -17.640 19.852
372 104.0 -17.012 19.623
384 104.0 -16.327 19.395
396 104.0 -15.699 19.395
408 104.0 -16.445 19.956
420 104.0 -16.228 19.413
432 104.0 -15.885 18.692
444 104.0 -16.292 19.125
456 104.0 -16.293 19.117
468 104.0 -15.427 18.662
480 104.0 -13.903 17.857
492 104.0 -14.811 18.059
504 104.0 -14.120 17.934
516 104.0 -13.110 17.612
528 104.0 -14.109 17.644
540 104.0 -13.266 17.184
408 108.0 -19.495 19.338
420 108.0 -19.181 19.338
432 108.0 -18.767 19.338
444 108.0 -18.296 19.338
456 108.0 -17.768 19.452
468 108.0 -17.083 19.452
480 108.0 -16.398 19.452
492 108.0 -15.770 19.338
504 108.0 -16.632 18.795
516 108.0 -16.418 19.038
528 108.0 -15.551 18.464
540 108.0 -15.696 18.915
552 108.0 -14.798 18.438
564 108.0 -13.645 17.827
576 108.0 -14.406 18.879
588 108.0 -15.124 18.209
600 108.0 -15.229 18.186
612 108.0 -12.935 17.930
624 108.0 -15.112 18.400
636 108.0 -13.087 17.178
552 105.0 -8.078 19.795
564 105.0 -7.478 19.795
576 105.0 -6.922 19.680
588 105.0 -6.308 19.680
600 105.0 -5.766 19.738
612 105.0 -5.252 19.738
624 105.0 -4.667 19.738
636 105.0 -4.139 19.738
648 105.0 -3.995 19.625
660 105.0 -4.241 19.285
672 105.0 -3.769 19.301
684 105.0 -3.913 19.751
696 105.0 -3.521 19.384
708 105.0 -2.792 19.674
720 105.0 -3.420 20.502
732 105.0 -2.859 19.017
744 105.0 -2.482 19.435
756 105.0 -3.218 20.299
768 105.0 -4.014 20.214
780 105.0 -2.618 19.764
648 109.0 -8.206 19.566
660 109.0 -7.578 19.566
672 109.0 -7.007 19.452
684 109.0 -6.422 19.452
696 109.0 -5.894 19.452
708 109.0 -5.323 19.338
720 109.0 -4.795 19.338
732 109.0 -4.224 19.338
744 109.0 -4.900 19.734
756 109.0 -4.819 19.362
768 109.0 -4.651 19.720
780 109.0 -5.312 20.178
792 109.0 -4.692 20.112
804 109.0 -4.459 20.045
816 109.0 -4.908 20.399
828 109.0 -4.883 19.416
840 109.0 -4.326 19.942
852 109.0 -4.996 19.914
864 109.0 -4.305 19.980
876 109.0 -3.108 19.783
684 100.0 16.298 18.111
696 100.0 15.670 18.111
708 100.0 15.085 18.111
720 100.0 14.514 18.111
732 100.0 13.943 18.111
744 100.0 13.358 18.111
756 100.0 12.730 18.054
768 100.0 12.159 18.054
780 100.0 12.938 18.009
792 100.0 12.305 18.644
804 100.0 11.834 18.627
816 100.0 11.417 18.369
828 100.0 11.075 19.163
840 100.0 11.330 18.504
852 100.0 10.187 18.800
864 100.0 11.240 18.022
876 100.0 10.081 18.152
888 100.0 9.384 18.664
900 100.0 10.228 19.000
912 100.0 10.081 18.925
792 106.0 3.568 19.623
804 106.0 4.082 19.623
816 106.0 4.610 19.623
828 106.0 5.195 19.623
840 106.0 5.709 19.509
852 106.0 6.279 19.509
864 106.0 6.822 19.395
876 106.0 7.393 19.395
888 106.0 6.815 19.172
900 106.0 6.018 19.479
912 106.0 6.463 19.131
924 106.0 6.714 19.286
936 106.0 6.632 19.308
948 106.0 7.069 20.078
960 106.0 7.241 19.449
972 106.0 7.283 20.077
984 106.0 8.178 19.980
996 106.0 8.329 19.489
1008 106.0 8.085 19.420
1020 106.0 7.127 19.972
924 101.0 4.496 17.825
936 101.0 3.925 17.825
948 101.0 3.354 17.768
960 101.0 2.783 17.768
972 101.0 2.198 17.768
984 101.0 1.570 17.768
996 101.0 0.985 17.768
1008 101.0 0.414 17.768
1020 101.0 1.370 18.222
1032 101.0 1.058 18.259
1044 101.0 0.716 17.539
1056 101.0 -0.346 18.934
1068 101.0 0.272 18.367
1080 101.0 -0.984 18.594
1092 101.0 -1.201 18.080
1104 101.0 -0.654 18.507
1116 101.0 -2.835 19.350
1128 101.0 -2.139 19.086
1140 101.0 -0.912 18.048
1152 101.0 -2.294 18.975
1140 67.0 -18.439 14.885
1152 67.0 -17.811 14.885
1164 67.0 -17.183 14.885
1176 67.0 -16.555 14.771
1188 67.0 -15.927 14.771
1200 67.0 -15.299 14.771
1212 67.0 -14.671 14.643
1224 67.0 -14.043 14.643
1236 67.0 -15.234 15.178
1248 67.0 -14.804 14.605
1260 67.0 -15.241 14.843
1272 67.0 -14.694 14.783
1284 67.0 -14.396 14.450
1296 67.0 -14.159 14.916
1308 67.0 -14.970 15.544
1320 67.0 -13.784 14.859
1332 67.0 -13.938 15.165
1344 67.0 -14.783 15.571
1356 67.0 -13.632 15.009
1368 67.0 -12.971 15.544
1164 102.0 -7.721 18.111
1176 102.0 -8.363 18.168
1188 102.0 -8.991 18.168
1200 102.0 -9.619 18.225
1212 102.0 -10.247 18.225
1224 102.0 -10.889 18.282
1236 102.0 -11.517 18.282
1248 102.0 -12.145 18.282
1260 102.0 -11.343 18.541
1272 102.0 -10.505 17.847
1284 102.0 -11.769 17.838
1296 102.0 -12.057 18.852
1308 102.0 -11.803 17.089
1320 102.0 -12.253 18.235
1332 102.0 -13.034 17.326
1344 102.0 -12.926 18.204
1356 102.0 -13.663 18.443
1368 102.0 -12.382 18.070
1380 102.0 -14.269 18.806
1392 102.0 -14.285 18.514
1380 68.0 -6.251 14.414
1392 68.0 -5.652 14.414
1404 68.0 -5.081 14.528
1416 68.0 -4.767 14.528
1428 68.0 -4.396 14.643
1440 68.0 -4.039 14.643
1452 68.0 -3.682 14.771
1464 68.0 -3.311 14.771
1476 68.0 -4.600 15.031
1488 68.0 -3.323 14.546
1500 68.0 -4.183 14.760
1512 68.0 -3.621 14.725
1524 68.0 -3.328 14.359
1536 68.0 -3.137 14.308
1548 68.0 -2.760 14.832
1560 68.0 -3.228 14.822
1572 68.0 -3.262 15.140
1584 68.0 -3.055 14.653
1596 68.0 -3.242 15.064
1608 68.0 -3.071 14.952
1500 70.0 6.494 6.208
1512 70.0 5.766 6.208
1524 70.0 5.024 6.208
1536 70.0 4.353 6.322
1548 70.0 3.611 6.322
1560 70.0 2.940 6.322
1572 70.0 2.198 6.436
1584 70.0 1.513 6.436
1596 70.0 2.446 6.351
1608 70.0 2.096 5.806
1620 70.0 0.609 6.885
1632 70.0 0.815 6.942
1644 70.0 1.025 6.389
1656 70.0 0.188 6.611
1668 70.0 0.591 6.237
1680 70.0 1.254 6.397
1692 70.0 -0.194 6.462
1704 70.0 0.351 6.640
1716 70.0 1.055 6.727
1728 70.0 0.070 6.392
1536 58.0 16.983 28.757
1548 58.0 16.955 28.186
1560 58.0 16.926 27.601
1572 58.0 16.898 27.016
1584 58.0 16.883 26.445
1596 58.0 16.883 25.874
1608 58.0 16.855 25.218
1620 58.0 16.683 24.647
1632 58.0 17.008 24.370
1644 58.0 16.931 24.145
1656 58.0 17.093 23.685
1668 58.0 16.856 22.629
1680 58.0 17.138 22.082
1692 58.0 16.825 22.171
1704 58.0 16.920 23.426
1716 58.0 16.930 20.678
1728 58.0 16.834 19.309
1740 58.0 16.813 21.738
1752 58.0 16.808 19.933
1764 58.0 16.704 20.345
1620 69.0 2.968 16.855
1632 69.0 3.596 16.969
1644 69.0 4.224 17.083
1656 69.0 4.852 17.197
1668 69.0 5.480 17.311
1680 69.0 6.108 17.426
1692 69.0 6.736 17.540
1704 69.0 7.364 17.540
1716 69.0 6.223 17.069
1728 69.0 6.476 17.203
1740 69.0 6.823 17.100
1752 69.0 7.345 17.038
1764 69.0 7.644 16.837
1776 69.0 7.185 16.828
1788 69.0 7.782 17.471
1800 69.0 7.727 17.292
1812 69.0 8.136 17.498
1824 69.0 8.134 17.080
1836 69.0 9.021 17.295
1848 69.0 8.520 17.598
1740 71.0 -7.707 6.436
1752 71.0 -8.434 6.436
1764 71.0 -9.120 6.436
1776 71.0 -9.847 6.436
1788 71.0 -10.590 6.551
1800 71.0 -11.275 6.551
1812 71.0 -12.002 6.551
1824 71.0 -12.730 6.551
1836 71.0 -12.181 6.440
1848 71.0 -12.481 6.275
1860 71.0 -12.014 5.995
1872 71.0 -13.218 6.925
1884 71.0 -13.336 6.019
1896 71.0 -13.003 6.581
1908 71.0 -13.697 7.250
1920 71.0 -13.011 7.088
1932 71.0 -13.284 6.478
1944 71.0 -15.087 8.019
1956 71.0 -13.624 7.506
1968 71.0 -14.627 7.146
1776 59.0 12.488 19.095
1788 59.0 12.031 18.867
1800 59.0 11.546 18.639
1812 59.0 11.089 18.282
1824 59.0 10.661 17.939
1836 59.0 10.190 17.597
1848 59.0 9.776 17.140
1860 59.0 9.348 16.783
1872 59.0 9.869 17.102
1884 59.0 9.928 17.502
1896 59.0 10.175 17.036
1908 59.0 10.107 16.820
1920 59.0 9.745 17.007
1932 59.0 9.175 16.638
1944 59.0 9.541 16.320
1956 59.0 8.944 16.438
1968 59.0 9.005 17.304
1980 59.0 8.598 17.103
1992 59.0 8.280 16.654
2004 59.0 7.305 16.547
2016 60.0 4.724 10.547
2028 60.0 4.296 10.076
2040 60.0 3.882 9.605
2052 60.0 3.482 9.148
2064 60.0 3.026 8.691
2076 60.0 2.655 8.235
2088 60.0 2.226 7.764
2100 60.0 1.827 7.364
2112 60.0 2.307 8.373
2124 60.0 1.593 8.671
2136 60.0 1.963 8.556
2148 60.0 2.199 8.703
2160 60.0 1.916 8.283
2172 60.0 2.021 8.137
2184 60.0 1.263 7.974
2196 60.0 -0.425 8.191
2208 60.0 0.111 8.461
2220 60.0 -0.667 9.605
2232 60.0 0.550 8.918
2244 60.0 -0.602 8.719
2256 61.0 -4.767 3.539
2268 61.0 -5.195 3.083
2280 61.0 -5.609 2.726
2292 61.0 -6.037 2.269
2304 61.0 -6.494 1.927
2316 61.0 -7.022 1.570
2328 61.0 -7.393 1.227
2340 61.0 -7.707 0.885
2352 61.0 -7.002 1.595
2364 61.0 -7.391 2.262
2376 61.0 -7.430 1.717
2388 61.0 -8.401 1.472
2400 61.0 -8.212 1.377
2412 61.0 -7.569 2.118
2424 61.0 -8.680 1.936
2436 61.0 -8.957 1.586
2448 61.0 -8.576 2.380
2460 61.0 -9.003 2.566
2472 61.0 -8.905 2.302
2484 61.0 -9.955 2.278
3012 21.0 16.812 19.795
3024 21.0 16.155 19.452
3036 21.0 15.527 19.338
3048 21.0 14.900 19.338
3060 21.0 14.500 19.338
3072 21.0 14.015 19.338
3084 21.0 13.387 19.110
3096 21.0 12.759 18.867
3108 21.0 13.926 19.610
3120 21.0 13.874 19.650
3132 21.0 13.129 20.195
3144 21.0 12.595 20.239
3156 21.0 12.632 20.322
3168 21.0 12.429 20.822
3180 21.0 12.876 20.054
3192 21.0 12.741 20.484
3204 21.0 11.315 20.435
3216 21.0 10.547 21.043
3228 21.0 10.488 21.348
3240 21.0 10.586 21.992
3060 141.0 -19.538 17.197
3072 141.0 -19.395 16.312
3084 141.0 -19.024 16.084
3096 141.0 -18.653 15.856
3108 141.0 -18.282 15.627
3120 141.0 -17.925 15.399
3132 141.0 -17.397 15.285
3144 141.0 -16.940 15.171
3156 141.0 -17.251 14.790
3168 141.0 -17.139 14.838
3180 141.0 -17.007 14.160
3192 141.0 -16.188 13.344
3204 141.0 -15.917 13.582
3216 141.0 -15.935 14.090
3228 141.0 -14.623 12.419
3240 141.0 -14.792 12.950
3252 141.0 -13.921 12.600
3264 141.0 -13.512 12.554
3276 141.0 -14.048 13.165
3288 141.0 -13.967 13.309
3108 137.0 16.869 18.910
3120 137.0 16.270 18.453
3132 137.0 15.799 18.453
3144 137.0 15.271 18.339
3156 137.0 14.757 18.339
3168 137.0 14.214 18.225
3180 137.0 13.758 18.225
3192 137.0 13.230 18.225
3204 137.0 13.815 18.648
3216 137.0 13.743 18.400
3228 137.0 12.562 18.889
3240 137.0 12.844 18.698
3252 137.0 11.641 18.911
3264 137.0 12.055 18.124
3276 137.0 11.330 19.789
3288 137.0 11.378 19.850
3300 137.0 11.035 19.671
3312 137.0 10.515 19.265
3324 137.0 10.485 19.972
3336 137.0 11.484 19.224
3252 22.0 4.367 18.995
3264 22.0 3.682 18.995
3276 22.0 3.054 18.995
3288 22.0 2.426 18.995
3300 22.0 1.741 18.995
3312 22.0 1.113 18.995
3324 22.0 0.485 18.995
3336 22.0 -0.143 18.995
3348 22.0 0.343 19.300
3360 22.0 0.254 19.125
3372 22.0 -0.858 19.459
3384 22.0 -0.952 19.818
3396 22.0 -1.377 19.901
3408 22.0 -2.411 19.917
3420 22.0 -1.398 18.763
3432 22.0 -1.147 19.866
3444 22.0 -1.697 19.432
3456 22.0 -1.856 18.973
3468 22.0 -1.740 19.381
3480 22.0 -1.610 19.974
3300 142.0 -12.488 10.661
3312 142.0 -12.059 10.433
3324 142.0 -11.574 10.204
3336 142.0 -11.175 9.962
3348 142.0 -10.689 9.719
3360 142.0 -10.233 9.491
3372 142.0 -9.862 9.262
3384 142.0 -9.548 9.034
3396 142.0 -10.737 9.910
3408 142.0 -9.782 9.195
3420 142.0 -9.521 9.317
3432 142.0 -8.540 9.441
3444 142.0 -7.637 8.812
3456 142.0 -7.277 8.815
3468 142.0 -7.368 8.858
3480 142.0 -5.853 8.177
3492 142.0 -7.035 8.638
3504 142.0 -6.793 8.499
3516 142.0 -6.042 7.484
3528 142.0 -6.265 7.361
3348 138.0 6.479 19.053
3360 138.0 5.994 19.167
3372 138.0 5.537 19.167
3384 138.0 4.995 19.281
3396 138.0 4.481 19.281
3408 138.0 3.953 19.281
3420 138.0 3.482 19.281
3432 138.0 3.054 19.281
3444 138.0 3.808 19.738
3456 138.0 3.271 19.606
3468 138.0 2.734 19.689
3480 138.0 2.398 19.510
3492 138.0 1.756 19.686
3504 138.0 1.632 20.595
3516 138.0 0.734 19.843
3528 138.0 1.585 19.914
3540 138.0 -1.097 20.768
3552 138.0 -1.169 20.892
3564 138.0 -0.131 20.949
3576 138.0 0.663 20.575
3504 136.0 -6.608 16.955
3516 136.0 -7.264 17.540
3528 136.0 -7.949 17.426
3540 136.0 -8.634 17.311
3552 136.0 -9.262 17.183
3564 136.0 -9.890 17.183
3576 136.0 -10.490 17.183
3588 136.0 -11.060 17.183
3600 136.0 -10.950 17.978
3612 136.0 -11.541 18.188
3624 136.0 -11.828 17.662
3636 136.0 -12.079 17.423
3648 136.0 -12.136 17.056
3660 136.0 -13.332 18.465
3672 136.0 -12.449 17.811
3684 136.0 -13.203 19.121
3696 136.0 -12.847 17.775
3708 136.0 -13.149 17.118
3720 136.0 -12.259 17.499
3732 136.0 -12.544 16.986
3540 143.0 -4.581 5.980
3552 143.0 -4.153 5.737
3564 143.0 -3.725 5.737
3576 143.0 -3.297 5.737
3588 143.0 -2.911 5.737
3600 143.0 -2.440 5.623
3612 143.0 -1.969 5.623
3624 143.0 -1.441 5.623
3636 143.0 -1.788 5.031
3648 143.0 -1.376 5.174
3660 143.0 -1.336 5.019
3672 143.0 -0.768 4.685
3684 143.0 0.357 4.007
3696 143.0 0.925 3.801
3708 143.0 0.266 3.886
3720 143.0 1.800 3.235
3732 143.0 2.021 3.510
3744 143.0 1.946 2.903
3756 143.0 -0.051 3.736
3768 143.0 1.939 2.827
3588 139.0 -3.639 19.038
3600 139.0 -4.224 19.038
3612 139.0 -4.795 19.038
3624 139.0 -5.323 19.038
3636 139.0 -5.894 18.924
3648 139.0 -6.322 18.810
3660 139.0 -6.793 18.810
3672 139.0 -7.207 18.696
3684 139.0 -7.724 19.805
3696 139.0 -6.650 19.288
3708 139.0 -8.781 19.648
3720 139.0 -9.148 19.385
3732 139.0 -9.996 19.401
3744 139.0 -8.656 19.016
3756 139.0 -10.231 19.760
3768 139.0 -9.983 19.741
3780 139.0 -10.003 20.478
3792 139.0 -10.273 20.366
3804 139.0 -9.010 20.324
3816 139.0 -9.529 20.423
3780 147.0 4.567 5.395
3792 147.0 5.138 5.280
3804 147.0 5.751 5.280
3816 147.0 6.123 5.280
3828 147.0 6.494 5.280
3840 147.0 6.865 5.280
3852 147.0 7.236 5.280
3864 147.0 7.650 5.152
3876 147.0 8.076 4.573
3888 147.0 8.416 4.918
3900 147.0 9.220 5.016
3912 147.0 8.803 4.764
3924 147.0 9.694 4.758
3936 147.0 10.795 4.487
3948 147.0 9.075 4.829
3960 147.0 9.419 4.631
3972 147.0 10.075 4.293
3984 147.0 10.896 4.201
3996 147.0 9.862 3.745
4008 147.0 9.163 4.484
3996 149.0 7.321 33.610
4008 149.0 7.107 33.610
4020 149.0 7.107 33.610
4032 149.0 7.107 33.610
4044 149.0 7.107 33.724
4056 149.0 7.050 33.724
4068 149.0 7.050 33.838
4080 149.0 7.050 33.838
4092 149.0 6.921 33.884
4104 149.0 7.085 33.927
4116 149.0 6.935 34.136
4128 149.0 6.737 34.102
4140 149.0 6.780 34.164
4152 149.0 6.772 34.104
4164 149.0 6.712 34.214
4176 149.0 6.808 34.585
4188 149.0 6.986 34.534
4200 149.0 6.663 34.759
4212 149.0 6.730 34.872
4224 149.0 6.495 34.974
4236 150.0 6.879 34.423
4248 150.0 6.879 34.423
4260 150.0 6.879 34.537
4272 150.0 6.836 34.537
4284 150.0 6.836 34.537
4296 150.0 6.836 34.651
4308 150.0 6.836 34.651
4320 150.0 6.793 34.651
4332 150.0 6.789 34.633
4344 150.0 6.893 34.713
4356 150.0 6.836 34.618
4368 150.0 6.869 34.541
4380 150.0 6.926 34.417
4392 150.0 6.997 34.462
4404 150.0 6.985 34.442
4416 150.0 7.051 34.400
4428 150.0 6.969 34.408
4440 150.0 7.008 34.431
4452 150.0 6.929 34.448
4464 150.0 6.905 34.489
5400 148.0 16.655 17.597
5412 148.0 16.512 17.483
5424 148.0 16.341 17.483
5436 148.0 16.241 17.369
5448 148.0 16.084 17.369
5460 148.0 15.984 17.254
5472 148.0 15.827 17.254
5484 148.0 15.713 17.140
5496 148.0 15.960 17.453
5508 148.0 16.011 17.526
5520 148.0 15.783 17.495
5532 148.0 15.869 17.497
5544 148.0 15.236 17.514
5556 148.0 15.240 17.535
5568 148.0 15.096 17.426
5580 148.0 15.238 17.651
5592 148.0 14.683 17.486
5604 148.0 15.118 17.687
5616 148.0 15.231 17.595
5628 148.0 14.639 17.784
5484 78.0 16.541 18.924
5496 78.0 15.913 19.152
5508 78.0 14.985 18.981
5520 78.0 14.229 18.867
5532 78.0 13.772 18.924
5544 78.0 13.287 18.924
5556 78.0 12.702 18.924
5568 78.0 12.188 18.810
5580 78.0 11.779 19.369
5592 78.0 12.019 19.222
5604 78.0 12.310 19.046
5616 78.0 11.042 18.395
5628 78.0 10.448 20.143
5640 78.0 10.760 19.394
5652 78.0 10.210 20.272
5664 78.0 10.959 19.485
5676 78.0 10.842 19.570
5688 78.0 10.008 19.685
5700 78.0 10.001 19.866
5712 78.0 9.485 20.520
5484 151.0 16.213 19.966
5496 151.0 15.670 19.966
5508 151.0 14.900 20.023
5520 151.0 14.015 20.251
5532 151.0 13.158 20.423
5544 151.0 12.673 20.651
5556 151.0 12.216 20.651
5568 151.0 11.646 20.423
5580 151.0 11.665 20.700
5592 151.0 11.268 20.903
5604 151.0 11.237 21.848
5616 151.0 11.206 21.912
5628 151.0 10.800 22.424
5640 151.0 9.705 22.555
5652 151.0 10.362 22.313
5664 151.0 10.309 22.593
5676 151.0 8.592 23.317
5688 151.0 10.596 22.626
5700 151.0 8.500 23.361
5712 151.0 8.443 23.685
5556 5.0 15.642 18.054
5568 5.0 15.385 18.225
5580 5.0 15.099 18.396
5592 5.0 14.828 18.567
5604 5.0 14.557 18.696
5616 5.0 14.300 18.924
5628 5.0 14.015 19.038
5640 5.0 13.701 19.167
5652 5.0 13.846 19.078
5664 5.0 13.234 19.381
5676 5.0 13.136 19.571
5688 5.0 12.588 19.818
5700 5.0 12.447 19.984
5712 5.0 11.952 20.374
5724 5.0 11.610 20.864
5736 5.0 10.717 21.177
5748 5.0 10.815 21.310
5760 5.0 10.427 21.443
5772 5.0 10.216 21.590
5784 5.0 8.829 21.599
5580 131.0 16.170 17.825
5592 131.0 15.742 17.483
5604 131.0 15.428 17.369
5616 131.0 15.057 17.369
5628 131.0 14.800 17.254
5640 131.0 14.571 17.254
5652 131.0 14.300 17.254
5664 131.0 14.072 17.254
5676 131.0 14.675 17.398
5688 131.0 14.517 17.597
5700 131.0 14.781 17.224
5712 131.0 13.696 17.820
5724 131.0 14.250 17.426
5736 131.0 14.077 18.033
5748 131.0 13.189 18.189
5760 131.0 12.642 17.811
5772 131.0 13.163 17.734
5784 131.0 12.805 18.103
5796 131.0 12.960 17.595
5808 131.0 12.585 17.614
5640 154.0 13.344 16.612
5652 154.0 13.144 16.555
5664 154.0 12.973 16.555
5676 154.0 12.759 16.498
5688 154.0 12.573 16.498
5700 154.0 12.388 16.441
5712 154.0 12.159 16.441
5724 154.0 11.845 16.441
5736 154.0 12.246 16.536
5748 154.0 11.811 16.823
5760 154.0 11.638 16.701
5772 154.0 11.350 16.668
5784 154.0 11.774 16.928
5796 154.0 11.003 17.214
5808 154.0 10.118 17.326
5820 154.0 10.076 17.432
5832 154.0 10.073 17.573
5844 154.0 9.535 18.360
5856 154.0 10.522 17.249
5868 154.0 9.070 17.814
5724 79.0 4.039 18.810
5736 79.0 3.568 18.810
5748 79.0 3.040 18.810
5760 79.0 2.512 18.810
5772 79.0 2.041 18.810
5784 79.0 1.570 18.810
5796 79.0 0.999 18.753
5808 79.0 0.414 18.624
5820 79.0 0.838 18.698
5832 79.0 0.624 18.670
5844 79.0 -0.456 19.194
5856 79.0 -0.026 19.300
5868 79.0 -0.109 18.985
5880 79.0 0.353 18.498
5892 79.0 -1.223 18.936
5904 79.0 -1.085 19.688
5916 79.0 -1.885 19.076
5928 79.0 -2.541 19.545
5940 79.0 -1.236 18.749
5952 79.0 -1.571 18.989
5724 152.0 3.967 20.423
5736 152.0 3.454 20.537
5748 152.0 2.997 20.423
5760 152.0 2.398 20.423
5772 152.0 1.884 20.308
5784 152.0 1.256 20.308
5796 152.0 0.628 20.423
5808 152.0 0.057 20.423
5820 152.0 0.207 20.522
5832 152.0 0.671 20.439
5844 152.0 0.727 21.148
5856 152.0 -0.536 21.105
5868 152.0 -1.295 21.050
5880 152.0 -0.608 20.739
5892 152.0 -1.878 21.416
5904 152.0 -2.014 21.126
5916 152.0 -2.293 21.778
5928 152.0 -2.357 21.772
5940 152.0 -1.450 21.367
5952 152.0 -2.792 21.494
5736 90.0 -20.194 13.358
5748 90.0 -17.411 12.559
5760 90.0 -14.500 12.331
5772 90.0 -11.660 12.502
5784 90.0 -8.834 12.673
5796 90.0 -6.008 12.902
5808 90.0 -3.168 13.144
5820 90.0 -0.285 13.372
5832 90.0 -13.313 12.794
5844 90.0 -12.987 11.893
5856 90.0 -15.625 13.079
5868 90.0 -12.829 11.783
5880 90.0 -14.743 12.345
5892 90.0 -17.828 14.300
5904 90.0 -16.060 13.487
5916 90.0 -17.003 14.213
5928 90.0 -16.909 14.789
5940 90.0 -15.016 14.008
5952 90.0 -14.869 13.450
5964 90.0 -13.030 12.673
5796 6.0 10.033 19.623
5808 6.0 9.762 19.623
5820 6.0 9.505 19.738
5832 6.0 9.248 19.738
5844 6.0 8.991 19.738
5856 6.0 8.734 19.852
5868 6.0 8.449 19.852
5880 6.0 8.192 19.966
5892 6.0 7.307 20.369
5904 6.0 7.193 19.930
5916 6.0 6.684 20.506
5928 6.0 5.494 20.785
5940 6.0 6.873 20.894
5952 6.0 6.410 20.499
5964 6.0 5.340 21.374
5976 6.0 5.165 21.571
5988 6.0 4.672 22.064
6000 6.0 5.107 21.496
6012 6.0 3.181 22.660
6024 6.0 2.439 22.644
5820 132.0 10.347 18.282
5832 132.0 10.033 18.282
5844 132.0 9.747 18.282
5856 132.0 9.476 18.282
5868 132.0 9.191 18.282
5880 132.0 8.934 18.282
5892 132.0 8.649 18.282
5904 132.0 8.392 18.396
5916 132.0 8.706 18.336
5928 132.0 7.567 18.505
5940 132.0 7.823 18.204
5952 132.0 7.762 18.681
5964 132.0 7.098 18.550
5976 132.0 6.242 18.940
5988 132.0 6.957 19.024
6000 132.0 6.794 18.612
6012 132.0 6.627 18.195
6024 132.0 6.941 18.670
6036 132.0 6.347 19.086
6048 132.0 6.731 18.912
5880 155.0 7.749 17.026
5892 155.0 7.435 17.026
5904 155.0 7.122 17.026
5916 155.0 6.808 17.026
5928 155.0 6.494 17.026
5940 155.0 6.180 17.026
5952 155.0 5.866 17.026
5964 155.0 5.552 17.026
5976 155.0 5.435 17.754
5988 155.0 5.493 17.605
6000 155.0 5.071 17.760
6012 155.0 5.013 17.604
6024 155.0 4.327 18.647
6036 155.0 3.678 18.845
6048 155.0 3.603 19.071
6060 155.0 2.793 19.202
6072 155.0 2.093 19.804
6084 155.0 1.111 20.647
6096 155.0 0.327 21.762
6108 155.0 1.013 20.473
5964 80.0 -7.792 18.681
5976 80.0 -8.306 18.810
5988 80.0 -8.734 18.924
6000 80.0 -9.191 18.681
6012 80.0 -9.776 18.624
6024 80.0 -10.333 18.624
6036 80.0 -10.875 18.567
6048 80.0 -11.417 18.567
6060 80.0 -11.296 19.373
6072 80.0 -11.492 19.431
6084 80.0 -12.007 19.533
6096 80.0 -12.088 19.099
6108 80.0 -12.800 19.372
6120 80.0 -12.781 18.937
6132 80.0 -13.966 18.929
6144 80.0 -13.587 18.852
6156 80.0 -13.503 18.944
6168 80.0 -13.411 18.854
6180 80.0 -14.617 18.772
6192 80.0 -14.154 20.197
5964 153.0 -7.906 20.423
5976 153.0 -8.506 20.423
5988 153.0 -9.077 20.537
6000 153.0 -9.648 20.651
6012 153.0 -10.161 20.480
6024 153.0 -10.647 20.366
6036 153.0 -11.146 20.251
6048 153.0 -11.603 20.137
6060 153.0 -11.320 20.823
6072 153.0 -10.598 20.646
6084 153.0 -11.612 21.207
6096 153.0 -11.489 20.613
6108 153.0 -11.822 20.549
6120 153.0 -12.091 21.626
6132 153.0 -13.600 22.019
6144 153.0 -13.334 21.438
6156 153.0 -14.274 21.996
6168 153.0 -13.677 22.379
6180 153.0 -14.573 21.766
6192 153.0 -14.460 21.830
6000 125.0 6.779 17.882
6012 125.0 6.522 17.768
6024 125.0 6.265 17.768
6036 125.0 6.023 17.768
6048 125.0 5.794 17.768
6060 125.0 5.552 17.711
6072 125.0 5.295 17.711
6084 125.0 5.081 17.711
6096 125.0 5.406 17.671
6108 125.0 5.261 17.426
6120 125.0 5.709 17.761
6132 125.0 5.396 17.723
6144 125.0 5.061 18.225
6156 125.0 4.574 18.311
6168 125.0 4.865 17.878
6180 125.0 4.373 18.240
6192 125.0 3.460 18.425
6204 125.0 3.713 18.116
6216 125.0 3.259 18.632
6228 125.0 2.717 18.728
6036 7.0 5.423 19.623
6048 7.0 5.266 19.566
6060 7.0 5.138 19.452
6072 7.0 5.009 19.395
6084 7.0 4.838 19.338
6096 7.0 4.724 19.281
6108 7.0 4.581 19.224
6120 7.0 4.524 19.110
6132 7.0 4.295 18.790
6144 7.0 4.297 18.518
6156 7.0 4.446 18.324
6168 7.0 4.538 18.690
6180 7.0 4.491 18.274
6192 7.0 4.349 18.263
6204 7.0 4.367 18.586
6216 7.0 4.263 17.831
6228 7.0 3.791 18.260
6240 7.0 4.080 17.972
6252 7.0 4.276 17.257
6264 7.0 4.216 17.536
6060 133.0 5.309 18.168
6072 133.0 5.052 18.111
6084 133.0 4.824 18.111
6096 133.0 4.524 18.054
6108 133.0 4.324 18.054
6120 133.0 4.110 18.054
6132 133.0 3.839 18.054
6144 133.0 3.639 18.168
6156 133.0 3.352 18.242
6168 133.0 3.558 18.001
6180 133.0 3.318 18.494
6192 133.0 2.817 18.790
6204 133.0 2.636 18.542
6216 133.0 2.624 18.609
6228 133.0 2.031 18.519
6240 133.0 1.975 18.343
6252 133.0 2.358 19.298
6264 133.0 1.295 18.889
6276 133.0 1.125 19.924
6288 133.0 0.973 18.640
6120 156.0 2.369 17.369
6132 156.0 2.112 17.369
6144 156.0 1.855 17.369
6156 156.0 1.598 17.369
6168 156.0 1.342 17.369
6180 156.0 1.227 17.254
6192 156.0 1.113 17.254
6204 156.0 1.028 17.254
6216 156.0 1.019 17.665
6228 156.0 0.621 17.526
6240 156.0 0.986 17.707
6252 156.0 0.627 18.382
6264 156.0 0.467 18.082
6276 156.0 0.120 18.272
6288 156.0 0.009 18.167
6300 156.0 -0.627 18.799
6312 156.0 -1.525 19.369
6324 156.0 -0.690 19.072
6336 156.0 -1.491 19.649
6348 156.0 -1.997 20.372
6240 126.0 1.784 17.711
6252 126.0 1.513 17.825
6264 126.0 1.413 17.825
6276 126.0 1.313 17.825
6288 126.0 1.199 17.825
6300 126.0 1.099 17.825
6312 126.0 0.999 17.825
6324 126.0 0.885 17.825
6336 126.0 0.954 17.917
6348 126.0 1.216 17.973
6360 126.0 0.922 17.941
6372 126.0 1.053 18.222
6384 126.0 0.444 18.230
6396 126.0 -0.239 18.330
6408 126.0 -0.310 18.819
6420 126.0 -0.350 18.905
6432 126.0 -0.926 19.333
6444 126.0 -1.682 19.433
6456 126.0 -1.077 19.625
6468 126.0 -1.155 19.510
6276 8.0 4.096 18.624
6288 8.0 4.096 18.624
6300 8.0 4.096 18.624
6312 8.0 4.096 18.624
6324 8.0 4.096 18.624
6336 8.0 4.096 18.624
6348 8.0 4.096 18.624
6360 8.0 4.096 18.624
6372 8.0 4.067 18.615
6384 8.0 4.122 18.631
6396 8.0 4.069 18.644
6408 8.0 4.062 18.590
6420 8.0 4.011 18.633
6432 8.0 4.025 18.647
6444 8.0 4.018 18.650
6456 8.0 4.050 18.657
6468 8.0 4.079 18.635
6480 8.0 4.095 18.630
6492 8.0 4.091 18.693
6504 8.0 4.007 18.722
6300 134.0 1.227 18.525
6312 134.0 1.070 18.525
6324 134.0 0.970 18.525
6336 134.0 0.813 18.525
6348 134.0 0.699 18.525
6360 134.0 0.599 18.525
6372 134.0 0.442 18.525
6384 134.0 0.328 18.525
6396 134.0 0.533 18.609
6408 134.0 0.269 18.363
6420 134.0 0.212 18.403
6432 134.0 0.307 18.408
6444 134.0 -0.002 18.535
6456 134.0 0.493 18.162
6468 134.0 0.399 18.391
6480 134.0 -0.072 18.287
6492 134.0 0.099 18.744
6504 134.0 0.407 18.311
6516 134.0 0.097 18.148
6528 134.0 0.052 18.239
6360 157.0 -0.714 17.483
6372 157.0 -0.856 17.540
6384 157.0 -1.056 17.540
6396 157.0 -1.199 17.540
6408 157.0 -1.370 17.654
6420 157.0 -1.513 17.654
6432 157.0 -1.684 17.654
6444 157.0 -1.884 17.654
6456 157.0 -1.986 17.700
6468 157.0 -2.460 17.904
6480 157.0 -2.784 18.152
6492 157.0 -3.316 18.752
6504 157.0 -3.141 18.623
6516 157.0 -3.932 18.978
6528 157.0 -4.116 18.893
6540 157.0 -5.243 20.015
6552 157.0 -6.109 20.396
6564 157.0 -6.156 20.432
6576 157.0 -5.532 20.019
6588 157.0 -5.321 20.019
6420 128.0 16.840 19.566
6432 128.0 16.241 19.566
6444 128.0 15.770 19.680
6456 128.0 15.299 19.680
6468 128.0 14.728 19.680
6480 128.0 14.043 19.566
6492 128.0 13.415 19.566
6504 128.0 12.573 19.509
6516 128.0 13.355 20.665
6528 128.0 12.977 19.595
6540 128.0 12.629 20.085
6552 128.0 12.898 20.334
6564 128.0 11.775 20.252
6576 128.0 10.833 20.417
6588 128.0 9.743 20.725
6600 128.0 10.158 21.369
6612 128.0 10.372 20.713
6624 128.0 9.899 20.876
6636 128.0 9.987 21.667
6648 128.0 9.144 20.968
6480 127.0 -1.841 17.939
6492 127.0 -2.155 17.939
6504 127.0 -2.498 18.054
6516 127.0 -2.811 18.054
6528 127.0 -3.154 18.054
6540 127.0 -3.468 18.054
6552 127.0 -3.811 18.054
6564 127.0 -4.096 18.054
6576 127.0 -3.752 18.391
6588 127.0 -3.888 18.575
6600 127.0 -4.395 18.704
6612 127.0 -5.606 19.512
6624 127.0 -4.934 19.070
6636 127.0 -5.279 19.470
6648 127.0 -5.478 19.211
6660 127.0 -6.794 19.903
6672 127.0 -7.437 20.259
6684 127.0 -6.715 20.337
6696 127.0 -7.395 20.602
6708 127.0 -8.794 21.627
6516 9.0 3.896 18.624
6528 9.0 3.796 18.624
6540 9.0 3.696 18.624
6552 9.0 3.554 18.624
6564 9.0 3.454 18.624
6576 9.0 3.354 18.696
6588 9.0 3.240 18.696
6600 9.0 3.111 18.753
6612 9.0 3.517 18.909
6624 9.0 3.554 18.900
6636 9.0 3.442 18.872
6648 9.0 3.492 18.924
6660 9.0 3.324 18.847
6672 9.0 3.020 18.897
6684 9.0 2.608 19.094
6696 9.0 2.713 19.118
6708 9.0 2.339 19.272
6720 9.0 2.562 19.282
6732 9.0 2.098 19.740
6744 9.0 1.653 19.964
6540 135.0 -3.225 18.753
6552 135.0 -3.511 18.753
6564 135.0 -3.796 18.753
6576 135.0 -4.110 18.753
6588 135.0 -4.381 18.867
6600 135.0 -4.667 18.867
6612 135.0 -4.981 18.867
6624 135.0 -5.280 18.867
6636 135.0 -5.104 18.866
6648 135.0 -5.816 19.081
6660 135.0 -5.815 18.920
6672 135.0 -6.739 19.526
6684 135.0 -7.042 19.501
6696 135.0 -6.969 19.239
6708 135.0 -8.324 19.634
6720 135.0 -8.988 19.442
6732 135.0 -9.648 19.291
6744 135.0 -9.340 18.905
6756 135.0 -10.551 19.718
6768 135.0 -9.100 19.478
6600 158.0 -6.579 17.426
6612 158.0 -6.965 17.426
6624 158.0 -7.364 17.426
6636 158.0 -7.764 17.426
6648 158.0 -8.178 17.426
6660 158.0 -8.549 17.426
6672 158.0 -8.948 17.426
6684 158.0 -10.276 17.654
6696 158.0 -10.471 17.896
6708 158.0 -9.571 18.316
6720 158.0 -9.626 18.123
6732 158.0 -9.483 18.249
6744 158.0 -10.234 18.656
6756 158.0 -10.982 18.906
6768 158.0 -11.715 19.300
6780 158.0 -11.482 18.980
6792 158.0 -11.624 18.782
6804 158.0 -13.372 19.333
6816 158.0 -13.207 19.197
6828 158.0 -12.455 19.300
6660 129.0 2.412 19.680
6672 129.0 1.299 19.795
6684 129.0 0.157 20.023
6696 129.0 -1.042 20.251
6708 129.0 -1.527 20.251
6720 129.0 -1.898 20.137
6732 129.0 -2.312 20.137
6744 129.0 -2.726 20.023
6756 129.0 -2.552 21.246
6768 129.0 -2.234 21.113
6780 129.0 -4.038 21.473
6792 129.0 -4.227 21.839
6804 129.0 -4.514 21.837
6816 129.0 -4.685 22.863
6828 129.0 -4.863 22.987
6840 129.0 -4.550 23.049
6852 129.0 -5.434 23.583
6864 129.0 -8.555 26.235
6876 129.0 -2.623 23.352
6888 129.0 -5.903 24.638
6720 130.0 -10.233 18.111
6732 130.0 -10.176 17.996
6744 130.0 -10.176 17.882
6756 130.0 -10.119 17.768
6768 130.0 -10.119 17.654
6780 130.0 -10.061 17.654
6792 130.0 -10.061 17.540
6804 130.0 -10.318 17.540
6816 130.0 -10.076 16.916
6828 130.0 -9.903 16.698
6840 130.0 -10.023 16.520
6852 130.0 -10.130 15.903
6864 130.0 -10.018 16.157
6876 130.0 -9.579 15.582
6888 130.0 -10.060 15.410
6900 130.0 -9.877 15.117
6912 130.0 -9.776 14.771
6924 130.0 -9.908 14.120
6936 130.0 -9.811 13.788
6948 130.0 -9.504 12.026
6756 10.0 3.625 18.924
6768 10.0 3.882 18.924
6780 10.0 4.139 18.924
6792 10.0 3.967 18.924
6804 10.0 3.711 18.924
6816 10.0 3.397 18.924
6828 10.0 3.140 18.924
6840 10.0 2.826 18.810
6852 10.0 3.127 18.831
6864 10.0 3.190 18.820
6876 10.0 2.893 18.758
6888 10.0 3.220 18.743
6900 10.0 3.271 18.897
6912 10.0 3.133 18.776
6924 10.0 3.406 18.570
6936 10.0 3.367 18.579
6948 10.0 3.487 18.481
6960 10.0 3.465 18.389
6972 10.0 3.368 18.334
6984 10.0 3.516 18.558
6780 140.0 -9.762 18.981
6792 140.0 -9.705 18.981
6804 140.0 -9.962 18.867
6816 140.0 -10.333 18.867
6828 140.0 -10.647 18.867
6840 140.0 -11.018 18.753
6852 140.0 -11.374 18.753
6864 140.0 -11.731 18.639
6876 140.0 -11.144 18.933
6888 140.0 -11.216 19.197
6900 140.0 -10.973 19.146
6912 140.0 -11.025 19.014
6924 140.0 -11.426 19.310
6936 140.0 -11.924 19.660
6948 140.0 -12.020 19.833
6960 140.0 -12.850 19.964
6972 140.0 -13.490 20.192
6984 140.0 -14.031 20.406
6996 140.0 -13.352 20.608
7008 140.0 -15.032 21.191
6840 159.0 -12.902 17.083
6852 159.0 -13.215 17.083
6864 159.0 -13.572 17.083
6876 159.0 -13.901 17.083
6888 159.0 -14.257 17.083
6900 159.0 -14.628 17.083
6912 159.0 -14.942 17.083
6924 159.0 -15.299 17.083
6936 159.0 -15.473 17.630
6948 159.0 -16.598 17.621
6960 159.0 -15.275 17.889
6972 159.0 -15.735 17.821
6984 159.0 -15.885 18.051
6996 159.0 -16.227 18.346
7008 159.0 -16.955 18.566
7020 159.0 -17.445 18.435
7032 159.0 -17.630 18.890
7044 159.0 -17.530 18.638
7056 159.0 -18.826 19.121
7068 159.0 -19.715 19.139
6996 11.0 -0.942 18.567
7008 11.0 -1.227 18.510
7020 11.0 -1.541 18.510
7032 11.0 -1.855 18.510
7044 11.0 -2.141 18.567
7056 11.0 -2.469 18.567
7068 11.0 -2.811 18.624
7080 11.0 -3.125 18.624
7092 11.0 -3.089 18.429
7104 11.0 -2.983 18.819
7116 11.0 -3.852 19.167
7128 11.0 -3.198 18.943
7140 11.0 -3.015 18.822
7152 11.0 -3.145 18.899
7164 11.0 -4.193 19.139
7176 11.0 -4.587 19.407
7188 11.0 -5.167 19.821
7200 11.0 -5.604 20.095
7212 11.0 -6.510 20.606
7224 11.0 -6.363 19.717
7140 23.0 15.713 21.350
7152 23.0 15.199 21.008
7164 23.0 14.671 20.779
7176 23.0 14.143 20.437
7188 23.0 13.672 20.194
7200 23.0 13.144 19.966
7212 23.0 12.630 19.623
7224 23.0 12.159 19.381
7236 23.0 13.348 19.754
7248 23.0 13.134 19.501
7260 23.0 12.338 19.972
7272 23.0 12.148 19.767
7284 23.0 11.233 20.045
7296 23.0 10.358 19.219
7308 23.0 11.029 19.811
7320 23.0 11.304 20.486
7332 23.0 10.623 20.317
7344 23.0 9.830 20.458
7356 23.0 9.780 19.931
7368 23.0 10.966 21.032
7236 12.0 -7.150 18.924
7248 12.0 -7.478 18.924
7260 12.0 -7.792 18.924
7272 12.0 -8.106 18.981
7284 12.0 -8.420 18.981
7296 12.0 -8.706 19.038
7308 12.0 -9.048 19.038
7320 12.0 -9.362 19.038
7332 12.0 -9.602 19.551
7344 12.0 -10.231 19.481
7356 12.0 -10.138 19.633
7368 12.0 -10.297 19.426
7380 12.0 -10.560 19.391
7392 12.0 -10.840 19.506
7404 12.0 -11.308 19.617
7416 12.0 -12.544 19.387
7428 12.0 -13.665 19.903
7440 12.0 -12.466 19.321
7452 12.0 -13.528 19.817
7464 12.0 -13.267 19.216
7380 24.0 4.082 18.696
7392 24.0 3.454 18.696
7404 24.0 2.783 18.696
7416 24.0 2.141 18.696
7428 24.0 1.513 18.696
7440 24.0 0.885 18.696
7452 24.0 0.214 18.696
7464 24.0 -0.414 18.696
7476 24.0 0.182 18.600
7488 24.0 -1.325 18.903
7500 24.0 -1.994 19.793
7512 24.0 -1.694 19.205
7524 24.0 -1.590 19.395
7536 24.0 -2.471 19.906
7548 24.0 -2.572 20.082
7560 24.0 -0.714 19.501
7572 24.0 -3.591 20.719
7584 24.0 -1.615 19.552
7596 24.0 -3.050 20.350
7608 24.0 -1.832 19.887
7476 13.0 -13.401 19.324
7488 13.0 -13.715 19.324
7500 13.0 -13.744 19.381
7512 13.0 -14.257 19.152
7524 13.0 -14.728 18.924
7536 13.0 -15.256 18.739
7548 13.0 -15.656 18.624
7560 13.0 -16.013 18.624
7572 13.0 -16.137 19.105
7584 13.0 -16.234 19.648
7596 13.0 -16.534 19.778
7608 13.0 -16.980 19.820
7620 13.0 -18.180 19.853
7632 13.0 -18.097 19.402
7644 13.0 -18.030 19.113
7656 13.0 -17.681 19.630
7668 13.0 -19.617 20.485
7680 13.0 -18.854 20.404
7692 13.0 -19.308 19.613
7704 13.0 -19.007 19.920
7620 38.0 2.740 38.576
7632 38.0 3.054 38.119
7644 38.0 3.425 37.891
7656 38.0 3.768 37.663
7668 38.0 4.110 37.377
7680 38.0 4.481 37.092
7692 38.0 4.852 36.863
7704 38.0 5.209 36.549
7716 38.0 5.857 36.595
7728 38.0 5.516 36.671
7740 38.0 5.830 36.717
7752 38.0 5.449 36.931
7764 38.0 6.111 36.505
7776 38.0 6.958 36.027
7788 38.0 7.024 36.223
7800 38.0 7.951 35.280
7812 38.0 7.691 35.032
7824 38.0 8.238 35.183
7836 38.0 9.693 34.521
7848 38.0 9.388 34.263
7716 14.0 -19.752 19.110
7728 14.0 -19.809 19.110
7740 14.0 -19.837 19.109
7752 14.0 -19.827 19.104
7764 14.0 -19.818 19.099
7776 14.0 -19.809 19.094
7788 14.0 -19.800 19.089
7800 14.0 -19.791 19.083
7812 14.0 -19.748 19.138
7824 14.0 -19.814 19.128
7836 14.0 -19.763 19.168
7848 14.0 -19.742 19.151
7860 14.0 -19.764 19.210
7872 14.0 -19.754 19.202
7884 14.0 -19.686 19.233
7896 14.0 -19.640 19.299
7908 14.0 -19.599 19.220
7920 14.0 -19.636 19.183
7932 14.0 -19.604 19.220
7944 14.0 -19.650 19.280
7860 39.0 9.962 34.951
7872 39.0 10.318 34.951
7884 39.0 10.746 34.951
7896 39.0 11.160 34.951
7908 39.0 11.574 34.951
7920 39.0 12.002 34.951
7932 39.0 12.416 34.837
7944 39.0 12.787 34.837
7956 39.0 12.855 35.491
7968 39.0 12.023 35.356
7980 39.0 13.049 35.933
7992 39.0 12.549 35.890
8004 39.0 13.132 35.522
8016 39.0 12.876 35.182
8028 39.0 12.830 35.342
8040 39.0 12.829 35.189
8052 39.0 12.642 35.653
8064 39.0 13.156 35.905
8076 39.0 12.854 35.135
8088 39.0 12.504 35.650
7956 15.0 -19.672 19.016
7968 15.0 -19.663 19.011
7980 15.0 -19.654 19.005
7992 15.0 -19.645 19.000
8004 15.0 -19.636 18.995
8016 15.0 -19.627 18.990
8028 15.0 -19.617 18.985
8040 15.0 -19.608 18.980
8052 15.0 -19.570 18.951
8064 15.0 -19.662 18.970
8076 15.0 -19.663 18.995
8088 15.0 -19.636 18.981
8100 15.0 -19.570 18.956
8112 15.0 -19.700 18.989
8124 15.0 -19.675 19.016
8136 15.0 -19.634 19.081
8148 15.0 -19.667 19.049
8160 15.0 -19.694 19.104
8172 15.0 -19.675 19.114
8184 15.0 -19.660 19.056
8004 37.0 11.003 35.750
8016 37.0 11.317 35.750
8028 37.0 11.631 35.750
8040 37.0 11.945 35.636
8052 37.0 12.202 35.522
8064 37.0 12.673 35.522
8076 37.0 13.158 35.522
8088 37.0 13.315 35.522
8100 37.0 13.447 35.723
8112 37.0 13.240 35.521
8124 37.0 13.475 35.887
8136 37.0 13.373 36.179
8148 37.0 14.183 36.140
8160 37.0 13.652 36.439
8172 37.0 14.300 36.293
8184 37.0 14.078 36.272
8196 37.0 14.129 36.142
8208 37.0 14.134 36.768
8220 37.0 14.507 36.779
8232 37.0 14.629 37.349
8052 81.0 16.555 6.379
8064 81.0 15.984 6.379
8076 81.0 15.413 6.379
8088 81.0 14.828 6.379
8100 81.0 14.243 6.379
8112 81.0 13.672 6.379
8124 81.0 13.101 6.379
8136 81.0 12.530 6.379
8148 81.0 13.112 6.490
8160 81.0 13.192 6.729
8172 81.0 12.542 7.226
8184 81.0 12.085 7.305
8196 81.0 11.144 6.616
8208 81.0 12.021 6.155
8220 81.0 11.768 6.893
8232 81.0 12.788 6.569
8244 81.0 11.684 7.478
8256 81.0 11.222 6.768
8268 81.0 9.887 7.114
8280 81.0 10.212 7.768
8196 16.0 -19.489 18.912
8208 16.0 -19.480 18.907
8220 16.0 -19.471 18.902
8232 16.0 -19.462 18.897
8244 16.0 -19.453 18.892
8256 16.0 -19.444 18.886
8268 16.0 -19.434 18.881
8280 16.0 -19.425 18.876
8292 16.0 -19.477 18.864
8304 16.0 -19.524 18.869
8316 16.0 -19.526 18.905
8328 16.0 -19.499 18.931
8340 16.0 -19.492 18.977
8352 16.0 -19.401 18.958
8364 16.0 -19.424 18.999
8376 16.0 -19.415 18.918
8388 16.0 -19.418 18.944
8400 16.0 -19.378 18.964
8412 16.0 -19.407 19.014
8424 16.0 -19.363 19.007
8292 82.0 4.767 6.265
8304 82.0 4.139 6.265
8316 82.0 3.511 6.265
8328 82.0 2.883 6.265
8340 82.0 2.312 6.265
8352 82.0 1.727 6.265
8364 82.0 1.142 6.265
8376 82.0 0.628 6.379
8388 82.0 2.556 6.440
8400 82.0 0.907 7.045
8412 82.0 0.990 7.107
8424 82.0 1.159 7.289
8436 82.0 0.221 7.412
8448 82.0 0.588 7.559
8460 82.0 -0.053 7.484
8472 82.0 -1.584 7.744
8484 82.0 -2.300 8.096
8496 82.0 -0.724 7.938
8508 82.0 -0.747 7.247
8520 82.0 -2.290 7.953
8436 17.0 -12.074 19.224
8448 17.0 -11.446 19.224
8460 17.0 -10.818 19.224
8472 17.0 -10.190 19.224
8484 17.0 -9.562 19.224
8496 17.0 -8.934 19.224
8508 17.0 -8.363 19.053
8520 17.0 -7.749 18.867
8532 17.0 -8.924 18.992
8544 17.0 -8.574 18.884
8556 17.0 -8.632 19.733
8568 17.0 -8.129 18.942
8580 17.0 -7.443 19.567
8592 17.0 -8.784 20.613
8604 17.0 -7.541 19.902
8616 17.0 -8.056 20.252
8628 17.0 -8.498 20.082
8640 17.0 -8.742 20.284
8652 17.0 -7.347 19.693
8664 17.0 -7.999 20.212
8532 83.0 -7.179 6.551
8544 83.0 -7.807 6.322
8556 83.0 -8.377 5.980
8568 83.0 -9.005 5.923
8580 83.0 -9.662 5.980
8592 83.0 -10.304 6.037
8604 83.0 -10.961 6.094
8616 83.0 -11.589 6.037
8628 83.0 -11.352 6.399
8640 83.0 -11.192 6.521
8652 83.0 -12.661 7.504
8664 83.0 -12.439 6.548
8676 83.0 -11.580 6.028
8688 83.0 -12.068 6.461
8700 83.0 -12.356 6.851
8712 83.0 -12.059 6.183
8724 83.0 -11.214 6.004
8736 83.0 -11.830 6.480
8748 83.0 -12.061 5.761
8760 83.0 -12.526 5.867
8676 18.0 0.271 18.339
8688 18.0 0.842 18.339
8700 18.0 1.470 18.225
8712 18.0 2.098 18.225
8724 18.0 2.669 18.225
8736 18.0 3.297 18.339
8748 18.0 3.868 18.453
8760 18.0 4.453 18.567
8772 18.0 3.779 18.296
8784 18.0 4.441 17.794
8796 18.0 4.306 17.602
8808 18.0 4.622 17.867
8820 18.0 4.810 18.206
8832 18.0 4.307 18.340
8844 18.0 3.969 18.735
8856 18.0 5.677 18.038
8868 18.0 4.186 18.634
8880 18.0 4.925 18.558
8892 18.0 5.608 18.122
8904 18.0 4.824 18.920
8820 2.0 16.113 23.719
8832 2.0 16.041 22.906
8844 2.0 15.956 22.107
8856 2.0 15.899 21.365
8868 2.0 15.827 20.537
8880 2.0 15.770 19.852
8892 2.0 15.456 19.167
8904 2.0 15.142 18.453
8916 2.0 15.533 18.267
8928 2.0 15.691 17.581
8940 2.0 15.225 17.351
8952 2.0 15.144 17.088
8964 2.0 15.121 16.855
8976 2.0 14.822 14.812
8988 2.0 14.342 14.139
9000 2.0 14.095 14.595
9012 2.0 15.505 15.419
9024 2.0 14.710 15.800
9036 2.0 14.499 14.747
9048 2.0 14.284 15.325
9060 3.0 11.060 10.946
9072 3.0 10.433 10.375
9084 3.0 9.862 9.904
9096 3.0 9.248 9.319
9108 3.0 8.663 8.748
9120 3.0 8.035 8.178
9132 3.0 10.147 10.133
9144 3.0 7.022 7.407
9156 3.0 7.801 8.854
9168 3.0 8.458 8.552
9180 3.0 8.091 8.703
9192 3.0 7.814 8.096
9204 3.0 8.368 8.412
9216 3.0 8.355 9.390
9228 3.0 7.676 8.927
9240 3.0 7.347 8.602
9252 3.0 6.887 8.179
9264 3.0 7.002 8.678
9276 3.0 6.225 8.126
9288 3.0 6.240 8.502
9108 19.0 14.971 7.350
9120 19.0 14.172 7.122
9132 19.0 13.430 7.007
9144 19.0 12.802 6.893
9156 19.0 12.174 6.665
9168 19.0 11.603 6.551
9180 19.0 11.089 6.436
9192 19.0 10.547 6.322
9204 19.0 11.976 7.278
9216 19.0 11.208 7.335
9228 19.0 11.572 6.962
9240 19.0 10.719 7.636
9252 19.0 10.103 7.025
9264 19.0 9.510 6.668
9276 19.0 10.131 6.614
9288 19.0 10.816 6.904
9300 19.0 9.928 7.884
9312 19.0 9.564 7.640
9324 19.0 10.036 7.502
9336 19.0 10.839 7.329
9300 4.0 0.842 -1.727
9312 4.0 0.842 -1.727
9324 4.0 0.842 -1.727
9336 4.0 0.842 -1.727
9348 4.0 0.842 -1.727
9360 4.0 0.842 -1.727
9372 4.0 0.842 -1.727
9384 4.0 0.842 -1.727
9396 4.0 0.849 -1.723
9408 4.0 0.859 -1.725
9420 4.0 0.849 -1.783
9432 4.0 0.834 -1.813
9444 4.0 0.796 -1.766
9456 4.0 0.762 -1.755
9468 4.0 0.752 -1.787
9480 4.0 0.744 -1.799
9492 4.0 0.806 -1.772
9504 4.0 0.832 -1.745
9516 4.0 0.803 -1.756
9528 4.0 0.831 -1.763
9456 27.0 -18.867 18.054
9468 27.0 -18.239 18.111
9480 27.0 -17.611 18.225
9492 27.0 -17.083 18.168
9504 27.0 -16.569 18.054
9516 27.0 -16.041 17.939
9528 27.0 -15.513 17.768
9540 27.0 -14.957 17.711
9552 27.0 -14.969 17.463
9564 27.0 -16.175 17.480
9576 27.0 -14.892 17.851
9588 27.0 -14.928 18.022
9600 27.0 -14.542 17.688
9612 27.0 -14.805 18.208
9624 27.0 -14.334 17.729
9636 27.0 -14.371 18.423
9648 27.0 -14.656 18.537
9660 27.0 -14.434 18.561
9672 27.0 -13.669 18.464
9684 27.0 -14.249 18.253
9456 111.0 -18.353 17.197
9468 111.0 -17.754 17.197
9480 111.0 -17.183 17.197
9492 111.0 -16.612 17.083
9504 111.0 -16.141 16.840
9516 111.0 -15.727 16.840
9528 111.0 -15.342 16.726
9540 111.0 -14.800 16.840
9552 111.0 -15.260 16.825
9564 111.0 -14.520 16.206
9576 111.0 -14.455 16.262
9588 111.0 -15.216 16.628
9600 111.0 -15.321 16.982
9612 111.0 -14.150 16.801
9624 111.0 -14.306 16.388
9636 111.0 -13.621 16.355
9648 111.0 -13.960 16.954
9660 111.0 -13.370 16.760
9672 111.0 -13.774 17.511
9684 111.0 -13.107 16.127
9696 28.0 -7.592 17.996
9708 28.0 -7.136 17.996
9720 28.0 -6.708 17.996
9732 28.0 -6.251 18.111
9744 28.0 -5.709 18.111
9756 28.0 -5.195 18.111
9768 28.0 -4.710 18.111
9780 28.0 -4.196 18.111
9792 28.0 -5.099 17.663
9804 28.0 -4.822 17.634
9816 28.0 -4.375 17.285
9828 28.0 -4.548 17.393
9840 28.0 -4.095 17.641
9852 28.0 -3.533 17.365
9864 28.0 -3.532 17.503
9876 28.0 -3.835 17.159
9888 28.0 -3.702 16.968
9900 28.0 -3.047 16.880
9912 28.0 -3.048 16.918
9924 28.0 -1.935 16.815
9696 112.0 -7.407 16.969
9708 112.0 -6.950 16.840
9720 112.0 -6.522 16.840
9732 112.0 -6.108 16.840
9744 112.0 -5.751 16.969
9756 112.0 -5.380 16.969
9768 112.0 -4.895 17.083
9780 112.0 -4.324 17.083
9792 112.0 -4.470 16.863
9804 112.0 -4.632 16.351
9816 112.0 -4.252 16.973
9828 112.0 -4.213 17.085
9840 112.0 -4.042 17.106
9852 112.0 -3.649 17.343
9864 112.0 -2.976 17.295
9876 112.0 -3.668 17.699
9888 112.0 -4.000 17.016
9900 112.0 -4.032 16.888
9912 112.0 -2.947 16.863
9924 112.0 -2.926 16.958
9936 29.0 3.083 18.111
9948 29.0 3.397 18.111
9960 29.0 3.654 18.111
9972 29.0 4.139 18.111
9984 29.0 4.710 18.111
9996 29.0 5.338 18.111
10008 29.0 5.837 17.939
10020 29.0 6.294 17.882
10032 29.0 6.316 18.030
10044 29.0 6.464 18.246
10056 29.0 6.517 18.225
10068 29.0 5.818 18.196
10080 29.0 6.413 18.279
10092 29.0 7.204 18.168
10104 29.0 7.153 17.792
10116 29.0 7.970 18.255
10128 29.0 6.941 18.302
10140 29.0 7.026 18.181
10152 29.0 6.663 18.034
10164 29.0 7.116 18.324
9936 113.0 3.354 17.197
9948 113.0 3.668 17.197
9960 113.0 3.925 17.197
9972 113.0 4.353 16.969
9984 113.0 4.810 16.840
9996 113.0 5.181 16.726
10008 113.0 5.580 16.726
10020 113.0 6.194 16.840
10032 113.0 6.694 15.898
10044 113.0 5.910 16.037
10056 113.0 6.660 15.837
10068 113.0 7.050 15.747
10080 113.0 6.884 16.019
10092 113.0 8.022 15.813
10104 113.0 8.552 15.548
10116 113.0 8.046 16.135
10128 113.0 8.751 15.755
10140 113.0 9.430 15.334
10152 113.0 8.494 15.837
10164 113.0 9.769 15.603
10308 144.0 -20.180 19.252
10320 144.0 -19.837 18.339
10332 144.0 -19.566 18.396
10344 144.0 -19.295 18.510
10356 144.0 -18.838 18.739
10368 144.0 -18.325 18.739
10380 144.0 -17.740 18.739
10392 144.0 -17.169 18.739
10404 144.0 -17.637 18.372
10416 144.0 -17.368 18.084
10428 144.0 -17.242 18.349
10440 144.0 -15.950 18.106
10452 144.0 -15.838 18.497
10464 144.0 -15.780 19.102
10476 144.0 -16.340 19.167
10488 144.0 -15.613 18.307
10500 144.0 -15.830 17.633
10512 144.0 -14.737 17.206
10524 144.0 -15.195 18.681
10536 144.0 -15.362 18.474
10452 75.0 -20.094 18.054
10464 75.0 -19.880 18.168
10476 75.0 -19.595 18.111
10488 75.0 -19.181 18.054
10500 75.0 -18.582 18.054
10512 75.0 -18.068 17.996
10524 75.0 -17.483 18.054
10536 75.0 -16.912 18.111
10548 75.0 -17.281 17.995
10560 75.0 -17.446 18.409
10572 75.0 -17.287 17.803
10584 75.0 -16.985 18.079
10596 75.0 -17.416 18.224
10608 75.0 -16.879 18.173
10620 75.0 -16.711 17.700
10632 75.0 -16.392 18.070
10644 75.0 -16.085 17.833
10656 75.0 -15.117 17.873
10668 75.0 -15.043 17.913
10680 75.0 -16.138 18.020
10548 145.0 -9.933 17.825
10560 145.0 -9.462 17.711
10572 145.0 -8.963 17.597
10584 145.0 -8.520 17.311
10596 145.0 -8.106 16.840
10608 145.0 -7.735 16.270
10620 145.0 -7.307 15.799
10632 145.0 -6.936 15.342
10644 145.0 -6.828 15.423
10656 145.0 -6.083 15.470
10668 145.0 -5.864 15.354
10680 145.0 -4.772 14.732
10692 145.0 -4.070 14.356
10704 145.0 -4.383 14.238
10716 145.0 -4.279 13.297
10728 145.0 -2.774 14.015
10740 145.0 -2.849 13.072
10752 145.0 -0.560 11.995
10764 145.0 -0.676 13.214
10776 145.0 -3.113 13.668
10692 76.0 -9.676 18.168
10704 76.0 -9.091 18.168
10716 76.0 -8.520 18.054
10728 76.0 -7.935 17.939
10740 76.0 -7.364 17.825
10752 76.0 -6.836 17.711
10764 76.0 -6.265 17.711
10776 76.0 -5.737 17.711
10788 76.0 -7.059 17.767
10800 76.0 -6.570 17.786
10812 76.0 -6.673 18.486
10824 76.0 -6.139 18.472
10836 76.0 -6.038 18.200
10848 76.0 -5.844 18.898
10860 76.0 -5.259 17.785
10872 76.0 -4.379 17.960
10884 76.0 -4.817 17.559
10896 76.0 -4.451 17.946
10908 76.0 -3.831 17.647
10920 76.0 -3.190 16.990
10788 146.0 -2.655 8.977
10800 146.0 -2.226 8.520
10812 146.0 -1.798 8.049
10824 146.0 -1.342 7.707
10836 146.0 -0.813 7.592
10848 146.0 -0.228 7.364
10860 146.0 0.285 7.236
10872 146.0 0.856 7.122
10884 146.0 0.364 6.861
10896 146.0 1.457 6.559
10908 146.0 0.925 6.691
10920 146.0 0.130 7.221
10932 146.0 1.165 7.567
10944 146.0 1.942 6.503
10956 146.0 1.756 6.064
10968 146.0 2.374 5.648
10980 146.0 3.242 5.349
10992 146.0 3.029 5.507
11004 146.0 2.663 4.875
11016 146.0 3.882 4.619
10932 77.0 1.912 18.282
10944 77.0 2.483 18.282
10956 77.0 3.068 18.168
10968 77.0 3.582 18.054
10980 77.0 4.167 18.054
10992 77.0 4.738 17.939
11004 77.0 5.338 17.882
11016 77.0 5.980 17.825
11028 77.0 6.008 17.246
11040 77.0 6.897 17.783
11052 77.0 6.358 17.130
11064 77.0 6.169 17.262
11076 77.0 6.116 17.045
11088 77.0 6.870 16.779
11100 77.0 6.764 16.342
11112 77.0 6.942 16.786
11124 77.0 7.890 16.466
11136 77.0 6.894 16.753
11148 77.0 7.653 16.489
11160 77.0 8.140 15.640
12072 166.0 16.427 4.981
12084 166.0 15.856 4.981
12096 166.0 15.328 5.095
12108 166.0 14.800 5.095
12120 166.0 14.229 5.209
12132 166.0 13.715 5.209
12144 166.0 13.116 5.338
12156 166.0 12.602 5.338
12168 166.0 13.316 5.828
12180 166.0 13.277 5.768
12192 166.0 13.025 5.791
12204 166.0 13.258 6.223
12216 166.0 11.740 6.599
12228 166.0 11.550 6.809
12240 166.0 12.116 6.644
12252 166.0 11.410 6.332
12264 166.0 9.711 7.114
12276 166.0 10.016 7.654
12288 166.0 9.374 7.187
12300 166.0 10.466 6.906
12312 168.0 3.211 5.095
12324 168.0 2.440 5.095
12336 168.0 1.641 5.095
12348 168.0 0.871 5.095
12360 168.0 0.071 5.095
12372 168.0 -0.699 5.095
12384 168.0 -1.499 5.095
12396 168.0 -2.269 5.095
12408 168.0 -1.107 4.977
12420 168.0 -0.983 5.063
12432 168.0 -1.257 5.341
12444 168.0 -2.435 5.331
12456 168.0 -1.762 4.521
12468 168.0 -2.206 4.640
12480 168.0 -1.722 5.040
12492 168.0 -2.716 5.003
12504 168.0 -2.364 5.480
12516 168.0 -0.734 4.671
12528 168.0 -1.744 4.898
12540 168.0 -2.164 5.290
12360 121.0 -19.495 6.608
12372 121.0 -19.081 6.722
12384 121.0 -18.610 6.836
12396 121.0 -18.139 7.079
12408 121.0 -17.711 7.193
12420 121.0 -17.254 7.307
12432 121.0 -16.769 7.535
12444 121.0 -16.255 7.535
12456 121.0 -17.026 7.426
12468 121.0 -16.651 7.018
12480 121.0 -16.646 6.818
12492 121.0 -16.451 6.742
12504 121.0 -16.478 7.054
12516 121.0 -16.157 6.761
12528 121.0 -16.290 6.812
12540 121.0 -15.386 7.381
12552 121.0 -14.765 6.948
12564 121.0 -14.710 7.280
12576 121.0 -15.167 7.302
12588 121.0 -15.664 7.132
12480 45.0 16.598 6.950
12492 45.0 16.369 7.407
12504 45.0 16.113 7.992
12516 45.0 15.799 8.463
12528 45.0 15.428 8.920
12540 45.0 15.085 9.376
12552 45.0 14.743 9.847
12564 45.0 14.371 10.304
12576 45.0 14.963 9.650
12588 45.0 14.701 9.567
12600 45.0 14.389 10.172
12612 45.0 14.254 10.456
12624 45.0 14.840 10.619
12636 45.0 14.133 10.279
12648 45.0 14.333 11.354
12660 45.0 13.363 10.781
12672 45.0 14.181 10.554
12684 45.0 13.996 11.426
12696 45.0 13.859 10.665
12708 45.0 14.323 10.977
12600 122.0 -6.750 7.179
12612 122.0 -5.809 7.179
12624 122.0 -4.867 7.179
12636 122.0 -4.096 7.179
12648 122.0 -3.468 7.179
12660 122.0 -2.840 7.236
12672 122.0 -2.212 7.236
12684 122.0 -1.627 7.236
12696 122.0 -3.182 7.200
12708 122.0 -3.278 6.923
12720 122.0 -2.336 7.527
12732 122.0 -3.183 7.444
12744 122.0 -2.386 7.499
12756 122.0 -1.944 7.199
12768 122.0 -2.115 7.785
12780 122.0 -1.870 7.668
12792 122.0 -3.625 8.273
12804 122.0 -2.914 7.022
12816 122.0 -1.803 7.616
12828 122.0 -2.204 7.462
12720 46.0 9.462 16.270
12732 46.0 8.991 16.726
12744 46.0 8.534 17.197
12756 46.0 8.121 17.540
12768 46.0 7.807 17.768
12780 46.0 7.493 18.111
12792 46.0 7.122 18.339
12804 46.0 6.808 18.582
12816 46.0 7.086 18.362
12828 46.0 7.109 18.134
12840 46.0 6.190 18.392
12852 46.0 6.083 18.716
12864 46.0 5.046 19.296
12876 46.0 4.763 19.001
12888 46.0 3.853 19.630
12900 46.0 2.510 20.123
12912 46.0 3.472 19.957
12924 46.0 2.522 20.713
12936 46.0 0.262 21.151
12948 46.0 2.013 20.754
12840 123.0 5.809 6.665
12852 123.0 6.379 6.665
12864 123.0 6.979 6.665
12876 123.0 7.550 6.665
12888 123.0 8.178 6.665
12900 123.0 8.748 6.665
12912 123.0 9.319 6.665
12924 123.0 9.890 6.665
12936 123.0 9.444 6.872
12948 123.0 9.256 6.587
12960 123.0 9.435 6.648
12972 123.0 9.166 6.838
12984 123.0 8.270 6.782
12996 123.0 9.606 6.653
13008 123.0 9.130 6.560
13020 123.0 10.021 6.395
13032 123.0 10.436 6.093
13044 123.0 9.299 6.108
13056 123.0 9.293 5.736
13068 123.0 9.653 6.906
12960 47.0 -0.457 19.395
12972 47.0 -1.028 19.509
12984 47.0 -1.627 19.509
12996 47.0 -2.198 19.509
13008 47.0 -2.797 19.566
13020 47.0 -3.468 19.680
13032 47.0 -4.124 19.738
13044 47.0 -4.767 19.795
13056 47.0 -3.595 19.956
13068 47.0 -3.787 20.331
13080 47.0 -4.985 20.004
13092 47.0 -4.871 20.892
13104 47.0 -5.806 21.655
13116 47.0 -6.247 21.608
13128 47.0 -5.800 21.684
13140 47.0 -7.766 21.551
13152 47.0 -5.925 21.939
13164 47.0 -7.196 22.565
13176 47.0 -9.434 23.007
13188 47.0 -7.006 22.624
13068 167.0 -19.466 18.168
13080 167.0 -17.797 18.168
13092 167.0 -16.070 18.168
13104 167.0 -14.386 18.168
13116 167.0 -12.659 18.168
13128 167.0 -10.932 18.168
13140 167.0 -9.305 18.054
13152 167.0 -7.778 18.054
13164 167.0 -13.273 18.400
13176 167.0 -12.573 17.637
13188 167.0 -13.936 18.681
13200 167.0 -13.810 18.365
13212 167.0 -14.394 18.048
13224 167.0 -12.364 17.242
13236 167.0 -13.139 17.343
13248 167.0 -13.514 16.948
13260 167.0 -12.354 18.096
13272 167.0 -15.248 18.078
13284 167.0 -12.030 15.761
13296 167.0 -16.860 20.235
13188 51.0 16.840 31.826
13200 51.0 16.798 31.826
13212 51.0 16.741 31.826
13224 51.0 16.641 31.826
13236 51.0 16.584 31.826
13248 51.0 16.526 31.826
13260 51.0 16.526 31.940
13272 51.0 16.526 31.940
13284 51.0 16.216 32.009
13296 51.0 16.049 32.074
13308 51.0 16.186 32.137
13320 51.0 16.027 32.225
13332 51.0 15.736 32.388
13344 51.0 15.761 32.320
13356 51.0 15.538 32.600
13368 51.0 15.318 32.361
13380 51.0 15.414 32.625
13392 51.0 15.431 32.591
13404 51.0 15.290 32.554
13416 51.0 15.108 32.656
13200 48.0 -12.331 20.194
13212 48.0 -12.902 20.194
13224 48.0 -13.472 20.080
13236 48.0 -14.043 20.080
13248 48.0 -14.614 20.080
13260 48.0 -15.213 20.080
13272 48.0 -15.784 20.080
13284 48.0 -16.355 20.080
13296 48.0 -15.491 20.745
13308 48.0 -15.508 20.490
13320 48.0 -15.938 20.744
13332 48.0 -17.208 20.669
13344 48.0 -17.322 20.895
13356 48.0 -16.236 19.995
13368 48.0 -15.566 20.426
13380 48.0 -16.418 20.046
13392 48.0 -17.739 20.412
13404 48.0 -18.415 20.031
13416 48.0 -18.220 20.213
13428 48.0 -18.281 20.581
13428 52.0 16.526 31.940
13440 52.0 16.526 31.940
13452 52.0 16.526 31.940
13464 52.0 16.526 31.940
13476 52.0 16.526 31.940
13488 52.0 16.526 31.940
13500 52.0 16.526 31.940
13512 52.0 16.484 31.883
13524 52.0 16.460 31.825
13536 52.0 16.507 31.808
13548 52.0 16.460 31.804
13560 52.0 16.530 31.873
13572 52.0 16.513 31.861
13584 52.0 16.552 31.805
13596 52.0 16.453 31.863
13608 52.0 16.486 31.921
13620 52.0 16.455 31.921
13632 52.0 16.486 31.935
13644 52.0 16.462 31.937
13656 52.0 16.413 31.983
13440 49.0 -19.568 20.033
13452 49.0 -19.546 20.026
13464 49.0 -19.524 20.019
13476 49.0 -19.503 20.013
13488 49.0 -19.481 20.006
13500 49.0 -19.459 20.000
13512 49.0 -19.438 19.993
13524 49.0 -19.416 19.986
13536 49.0 -19.476 20.060
13548 49.0 -19.522 20.077
13560 49.0 -19.517 20.051
13572 49.0 -19.517 20.146
13584 49.0 -19.599 20.085
13596 49.0 -19.590 20.033
13608 49.0 -19.631 20.061
13620 49.0 -19.673 20.045
13632 49.0 -19.677 20.072
13644 49.0 -19.674 20.051
13656 49.0 -19.695 20.049
13668 49.0 -19.633 20.064
13524 42.0 16.869 28.301
13536 42.0 16.741 27.715
13548 42.0 16.626 27.130
13560 42.0 16.512 26.616
13572 42.0 16.369 26.046
13584 42.0 16.270 25.460
13596 42.0 16.113 24.875
13608 42.0 15.984 24.247
13620 42.0 16.401 24.942
13632 42.0 16.593 24.125
13644 42.0 16.420 23.522
13656 42.0 16.194 22.021
13668 42.0 16.636 22.172
13680 42.0 16.405 21.472
13692 42.0 16.518 21.326
13704 42.0 16.667 18.538
13716 42.0 16.675 21.715
13728 42.0 16.407 21.449
13740 42.0 16.459 20.873
13752 42.0 16.899 20.613
13668 53.0 16.398 31.868
13680 53.0 16.398 31.868
13692 53.0 16.398 31.868
13704 53.0 16.369 31.868
13716 53.0 16.369 31.868
13728 53.0 16.369 31.868
13740 53.0 16.369 31.868
13752 53.0 16.341 31.926
13764 53.0 16.309 31.940
13776 53.0 16.307 31.897
13788 53.0 16.368 31.879
13800 53.0 16.358 31.939
13812 53.0 16.422 31.863
13824 53.0 16.495 31.890
13836 53.0 16.507 31.906
13848 53.0 16.473 31.885
13860 53.0 16.443 31.848
13872 53.0 16.490 31.822
13884 53.0 16.431 31.872
13896 53.0 16.413 31.929
13680 50.0 -19.134 19.900
13692 50.0 -19.112 19.894
13704 50.0 -19.090 19.887
13716 50.0 -19.069 19.881
13728 50.0 -19.047 19.874
13740 50.0 -19.025 19.867
13752 50.0 -19.003 19.861
13764 50.0 -18.982 19.854
13776 50.0 -19.054 19.835
13788 50.0 -18.968 19.828
13800 50.0 -18.968 19.788
13812 50.0 -18.874 19.826
13824 50.0 -18.789 19.740
13836 50.0 -18.844 19.888
13848 50.0 -18.803 19.921
13860 50.0 -18.732 20.047
13872 50.0 -18.811 19.893
13884 50.0 -18.882 19.974
13896 50.0 -19.029 20.086
13908 50.0 -19.026 20.009
13764 43.0 12.216 17.426
13776 43.0 11.474 17.197
13788 43.0 11.003 16.855
13800 43.0 10.475 16.498
13812 43.0 9.790 16.255
13824 43.0 9.162 16.369
13836 43.0 8.763 15.913
13848 43.0 8.335 15.570
13860 43.0 9.414 16.466
13872 43.0 9.209 16.474
13884 43.0 8.718 16.662
13896 43.0 8.192 18.003
13908 43.0 7.506 17.219
13920 43.0 7.038 17.231
13932 43.0 7.172 17.178
13944 43.0 6.908 16.703
13956 43.0 7.574 16.533
13968 43.0 6.641 17.752
13980 43.0 5.934 18.165
13992 43.0 6.160 17.703
