0 6.0 -15.695 34.138
12 6.0 -15.695 34.138
24 6.0 -15.695 34.138
36 6.0 -15.695 34.138
48 6.0 -15.695 34.138
60 6.0 -15.695 34.138
72 6.0 -15.695 34.138
84 6.0 -15.695 34.138
96 6.0 -15.678 34.115
108 6.0 -15.677 34.031
120 6.0 -15.638 34.128
132 6.0 -15.662 34.113
144 6.0 -15.679 34.102
156 6.0 -15.675 34.108
168 6.0 -15.696 34.107
180 6.0 -15.691 34.066
192 6.0 -15.710 34.124
204 6.0 -15.703 34.110
216 6.0 -15.685 34.111
228 6.0 -15.744 34.144
0 15.0 -8.722 41.385
12 15.0 -8.665 41.312
24 15.0 -8.607 41.312
36 15.0 -8.549 41.312
48 15.0 -8.491 41.312
60 15.0 -8.433 41.312
72 15.0 -8.375 41.312
84 15.0 -8.317 41.312
96 15.0 -8.343 41.480
108 15.0 -8.364 41.390
120 15.0 -8.407 41.347
132 15.0 -8.445 41.466
144 15.0 -8.519 41.309
156 15.0 -8.501 41.301
168 15.0 -8.505 41.413
180 15.0 -8.435 41.380
192 15.0 -8.393 41.491
204 15.0 -8.373 41.527
216 15.0 -8.501 41.432
228 15.0 -8.464 41.419
0 22.0 -6.061 28.786
12 22.0 -5.829 27.802
24 22.0 -5.598 26.847
36 22.0 -5.381 25.864
48 22.0 -5.164 24.894
60 22.0 -4.875 23.925
72 22.0 -4.643 22.942
84 22.0 -4.643 21.972
96 22.0 -5.114 23.293
108 22.0 -5.159 22.662
120 22.0 -5.248 20.925
132 22.0 -5.169 21.811
144 22.0 -4.788 21.801
156 22.0 -5.458 22.628
168 22.0 -5.770 19.085
180 22.0 -5.521 20.699
192 22.0 -5.838 19.798
204 22.0 -5.825 19.390
216 22.0 -5.384 20.397
228 22.0 -5.415 21.947
0 24.0 6.929 9.807
12 24.0 7.218 9.561
24 24.0 7.565 9.431
36 24.0 7.912 9.316
48 24.0 8.260 9.200
60 24.0 8.607 9.070
72 24.0 8.925 8.954
84 24.0 9.272 8.824
96 24.0 9.497 8.596
108 24.0 10.143 8.448
120 24.0 9.745 8.744
132 24.0 10.242 8.743
144 24.0 10.560 8.897
156 24.0 11.401 8.616
168 24.0 11.413 8.764
180 24.0 11.789 9.265
192 24.0 11.895 8.607
204 24.0 11.573 9.215
216 24.0 13.091 8.566
228 24.0 13.295 9.076
0 50.0 -5.584 17.532
12 50.0 -5.627 18.023
24 50.0 -5.685 18.631
36 50.0 -5.743 19.239
48 50.0 -5.800 19.730
60 50.0 -5.858 20.338
72 50.0 -5.916 20.945
84 50.0 -5.974 21.423
96 50.0 -5.977 21.573
108 50.0 -5.689 22.235
120 50.0 -5.931 22.926
132 50.0 -5.884 23.080
144 50.0 -5.831 23.743
156 50.0 -5.733 24.156
168 50.0 -5.907 24.205
180 50.0 -6.398 23.616
192 50.0 -5.826 25.441
204 50.0 -6.059 25.290
216 50.0 -6.156 22.424
228 50.0 -5.322 26.735
36 64.0 -8.288 40.083
48 64.0 -8.578 39.186
60 64.0 -8.578 38.578
72 64.0 -8.636 38.087
84 64.0 -8.636 37.609
96 64.0 -8.694 37.117
108 64.0 -8.694 36.582
120 64.0 -8.737 36.033
132 64.0 -9.212 35.416
144 64.0 -9.160 34.905
156 64.0 -8.882 35.017
168 64.0 -8.631 33.266
180 64.0 -8.204 34.741
192 64.0 -8.479 32.935
204 64.0 -8.957 32.447
216 64.0 -9.258 31.316
228 64.0 -9.222 32.017
240 64.0 -9.229 29.392
252 64.0 -9.426 32.213
264 64.0 -9.341 28.890
240 7.0 -15.695 34.138
252 7.0 -15.695 34.138
264 7.0 -15.695 34.138
276 7.0 -15.695 34.138
288 7.0 -15.695 34.138
300 7.0 -15.695 34.138
312 7.0 -15.695 34.138
324 7.0 -15.695 34.138
336 7.0 -15.703 34.196
348 7.0 -15.671 34.117
360 7.0 -15.676 34.162
372 7.0 -15.687 34.152
384 7.0 -15.710 34.248
396 7.0 -15.705 34.172
408 7.0 -15.638 34.136
420 7.0 -15.659 34.162
432 7.0 -15.673 34.167
444 7.0 -15.653 34.160
456 7.0 -15.652 34.184
468 7.0 -15.644 34.160
240 16.0 -7.233 37.175
252 16.0 -7.117 36.568
264 16.0 -7.016 35.960
276 16.0 -6.958 35.353
288 16.0 -6.842 34.745
300 16.0 -6.726 34.138
312 16.0 -6.611 33.530
324 16.0 -6.495 32.923
336 16.0 -6.675 33.156
348 16.0 -6.395 32.778
360 16.0 -6.689 32.829
372 16.0 -6.668 32.744
384 16.0 -6.754 31.559
396 16.0 -6.933 31.725
408 16.0 -7.190 31.149
420 16.0 -6.891 30.530
432 16.0 -6.711 30.254
444 16.0 -6.680 30.115
456 16.0 -6.445 29.585
468 16.0 -6.854 29.157
240 23.0 -15.347 11.630
252 23.0 -16.881 11.514
264 23.0 -18.298 11.138
276 23.0 -19.456 10.776
288 23.0 -19.213 11.064
300 23.0 -18.485 11.620
312 23.0 -17.757 12.177
324 23.0 -17.029 12.733
336 23.0 -19.202 12.649
348 23.0 -20.049 12.992
360 23.0 -20.580 12.638
372 23.0 -19.501 12.296
384 23.0 -20.715 11.714
396 23.0 -21.258 13.348
408 23.0 -21.109 13.565
420 23.0 -22.313 14.215
432 23.0 -21.366 13.227
444 23.0 -21.995 13.856
456 23.0 -23.836 14.378
468 23.0 -20.718 13.578
240 51.0 -7.290 29.089
252 51.0 -7.392 29.639
264 51.0 -7.507 30.246
276 51.0 -7.623 30.854
288 51.0 -7.739 31.389
300 51.0 -7.855 31.997
312 51.0 -7.970 32.561
324 51.0 -8.086 33.168
336 51.0 -7.605 33.431
348 51.0 -7.420 33.112
360 51.0 -7.255 34.665
372 51.0 -7.345 34.864
384 51.0 -7.042 35.471
396 51.0 -7.121 35.850
408 51.0 -7.282 36.667
420 51.0 -7.983 34.809
432 51.0 -7.446 36.934
444 51.0 -7.411 37.572
456 51.0 -7.532 38.416
468 51.0 -8.254 37.088
276 65.0 -9.142 29.263
288 65.0 -9.142 28.786
300 65.0 -9.084 28.308
312 65.0 -9.026 27.816
324 65.0 -8.910 27.209
336 65.0 -8.795 26.717
348 65.0 -8.737 26.109
360 65.0 -8.636 25.618
372 65.0 -8.895 25.585
384 65.0 -8.698 24.227
396 65.0 -8.673 24.144
408 65.0 -9.016 23.444
420 65.0 -8.793 23.415
432 65.0 -9.078 22.943
444 65.0 -9.131 21.707
456 65.0 -9.167 21.303
468 65.0 -8.878 20.026
480 65.0 -9.219 22.775
492 65.0 -8.915 21.462
504 65.0 -9.163 22.703
312 55.0 5.439 35.237
324 55.0 5.410 35.541
336 55.0 5.352 35.902
348 55.0 5.294 36.264
360 55.0 5.236 36.568
372 55.0 5.179 36.944
384 55.0 4.672 37.175
396 55.0 4.209 37.551
408 55.0 4.779 37.987
420 55.0 4.568 37.761
432 55.0 4.175 38.046
444 55.0 4.196 38.174
456 55.0 4.105 39.145
468 55.0 4.095 39.263
480 55.0 4.343 38.794
492 55.0 4.789 38.960
504 55.0 4.521 39.470
516 55.0 4.311 39.841
528 55.0 4.078 39.559
540 55.0 4.426 39.723
336 60.0 3.081 40.951
348 60.0 3.081 40.343
360 60.0 3.023 39.866
372 60.0 2.965 39.258
384 60.0 2.965 38.766
396 60.0 2.907 38.159
408 60.0 2.907 37.667
420 60.0 2.907 37.060
432 60.0 2.736 36.176
444 60.0 2.472 35.535
456 60.0 2.330 35.418
468 60.0 1.845 36.234
480 60.0 2.499 35.710
492 60.0 2.143 34.173
504 60.0 2.310 33.307
516 60.0 2.360 33.817
528 60.0 2.936 31.967
540 60.0 2.824 33.244
552 60.0 3.172 33.152
564 60.0 2.640 34.978
396 0.0 3.703 25.560
408 0.0 3.746 25.068
420 0.0 3.804 24.591
432 0.0 3.862 24.099
444 0.0 3.920 23.621
456 0.0 3.978 23.188
468 0.0 4.094 22.696
480 0.0 4.151 22.204
492 0.0 4.062 22.717
504 0.0 4.281 22.579
516 0.0 4.141 22.081
528 0.0 3.776 21.597
540 0.0 4.087 20.847
552 0.0 4.182 20.907
564 0.0 4.004 19.963
576 0.0 4.180 19.254
588 0.0 3.921 18.619
600 0.0 3.959 19.137
612 0.0 3.598 18.911
624 0.0 3.870 16.796
456 33.0 3.645 41.833
468 33.0 3.645 40.893
480 33.0 3.703 40.415
492 33.0 3.804 39.924
504 33.0 3.862 39.374
516 33.0 3.978 38.651
528 33.0 4.036 37.971
540 33.0 4.036 37.479
552 33.0 4.447 38.160
564 33.0 4.519 36.674
576 33.0 4.250 37.507
588 33.0 4.636 35.662
600 33.0 4.095 34.901
612 33.0 4.209 36.029
624 33.0 4.320 36.182
636 33.0 4.042 34.133
648 33.0 3.801 32.722
660 33.0 3.516 34.442
672 33.0 3.302 31.874
684 33.0 4.338 33.666
480 8.0 -15.695 34.138
492 8.0 -15.695 34.138
504 8.0 -15.752 34.080
516 8.0 -15.752 34.080
528 8.0 -15.752 34.080
540 8.0 -15.752 34.080
552 8.0 -15.781 34.080
564 8.0 -15.781 34.080
576 8.0 -15.968 34.000
588 8.0 -15.912 34.057
600 8.0 -15.934 33.874
612 8.0 -15.921 33.905
624 8.0 -15.986 34.073
636 8.0 -15.817 34.051
648 8.0 -15.811 34.066
660 8.0 -15.822 34.082
672 8.0 -15.873 34.137
684 8.0 -15.731 34.184
696 8.0 -15.742 34.184
708 8.0 -15.763 34.170
480 17.0 -5.584 25.140
492 17.0 -5.584 24.533
504 17.0 -5.555 24.041
516 17.0 -5.584 23.665
528 17.0 -5.612 23.318
540 17.0 -5.612 22.942
552 17.0 -5.670 22.580
564 17.0 -5.699 22.103
576 17.0 -5.565 21.583
588 17.0 -5.583 20.972
600 17.0 -5.439 20.426
612 17.0 -5.869 20.019
624 17.0 -5.674 19.536
636 17.0 -5.981 18.430
648 17.0 -5.817 19.492
660 17.0 -5.645 17.922
672 17.0 -5.954 17.973
684 17.0 -5.925 17.527
696 17.0 -5.948 16.382
708 17.0 -5.329 19.309
504 12.0 -6.611 24.533
516 12.0 -6.611 23.925
528 12.0 -6.611 23.303
540 12.0 -6.611 22.696
552 12.0 -6.668 22.218
564 12.0 -6.668 21.727
576 12.0 -6.668 21.307
588 12.0 -6.611 20.757
600 12.0 -6.721 20.533
612 12.0 -6.635 20.132
624 12.0 -6.829 19.822
636 12.0 -6.386 18.976
648 12.0 -6.328 17.339
660 12.0 -6.386 17.362
672 12.0 -6.866 15.402
684 12.0 -6.825 16.802
696 12.0 -6.455 15.173
708 12.0 -6.532 15.328
720 12.0 -7.030 19.104
732 12.0 -7.059 15.728
504 46.0 1.794 -6.509
516 46.0 1.794 -6.509
528 46.0 1.765 -6.871
540 46.0 1.649 -7.233
552 46.0 1.591 -7.609
564 46.0 1.475 -8.086
576 46.0 1.418 -8.824
588 46.0 1.360 -9.431
600 46.0 1.287 -8.458
612 46.0 1.193 -9.015
624 46.0 1.199 -9.037
636 46.0 1.153 -9.817
648 46.0 1.323 -10.009
660 46.0 1.362 -10.942
672 46.0 1.287 -10.820
684 46.0 1.243 -12.305
696 46.0 1.369 -12.087
708 46.0 1.223 -12.300
720 46.0 0.870 -13.936
732 46.0 1.068 -13.457
516 66.0 -6.871 19.354
528 66.0 -6.697 18.689
540 66.0 -6.582 18.067
552 66.0 -6.408 17.459
564 66.0 -6.292 16.852
576 66.0 -6.177 16.244
588 66.0 -6.061 15.637
600 66.0 -5.887 15.159
612 66.0 -6.142 15.268
624 66.0 -5.699 14.118
636 66.0 -6.445 14.265
648 66.0 -6.112 14.331
660 66.0 -6.370 13.847
672 66.0 -6.255 12.530
684 66.0 -6.058 12.487
696 66.0 -5.939 12.433
708 66.0 -5.775 12.899
720 66.0 -6.082 13.927
732 66.0 -5.503 12.130
744 66.0 -6.119 10.361
552 56.0 -1.548 39.359
564 56.0 -2.097 39.359
576 56.0 -2.676 39.359
588 56.0 -3.370 39.851
600 56.0 -4.094 40.343
612 56.0 -4.499 40.589
624 56.0 -4.846 40.835
636 56.0 -5.468 41.009
648 56.0 -5.515 40.714
660 56.0 -5.536 41.676
672 56.0 -6.084 41.963
684 56.0 -7.015 42.364
696 56.0 -7.645 42.338
708 56.0 -7.132 42.234
720 56.0 -8.152 42.631
732 56.0 -7.571 42.385
744 56.0 -9.692 43.299
756 56.0 -11.429 44.700
768 56.0 -10.796 44.219
780 56.0 -9.648 44.094
576 52.0 -13.843 30.680
588 52.0 -13.901 30.058
600 52.0 -13.901 29.451
612 52.0 -13.901 29.335
624 52.0 -13.843 29.089
636 52.0 -13.785 28.843
648 52.0 -13.785 28.482
660 52.0 -13.785 28.236
672 52.0 -13.874 28.109
684 52.0 -14.015 27.589
696 52.0 -13.814 27.143
708 52.0 -14.148 26.720
720 52.0 -13.972 26.161
732 52.0 -14.007 26.196
744 52.0 -13.833 26.408
756 52.0 -14.139 24.719
768 52.0 -14.293 24.536
780 52.0 -14.194 24.103
792 52.0 -14.036 24.065
804 52.0 -14.384 22.650
576 61.0 4.238 29.509
588 61.0 4.296 28.786
600 61.0 4.412 28.178
612 61.0 4.470 27.570
624 61.0 4.585 26.847
636 61.0 4.528 26.355
648 61.0 4.412 25.979
660 61.0 4.296 25.618
672 61.0 4.284 25.377
684 61.0 4.265 25.184
696 61.0 4.256 24.287
708 61.0 4.554 23.840
720 61.0 4.593 21.897
732 61.0 4.447 23.350
744 61.0 4.786 22.049
756 61.0 4.538 21.808
768 61.0 4.834 21.878
780 61.0 5.223 23.163
792 61.0 5.012 18.229
804 61.0 5.122 22.168
600 48.0 -14.639 30.333
612 48.0 -14.523 29.523
624 48.0 -14.465 29.147
636 48.0 -14.465 28.655
648 48.0 -14.465 28.308
660 48.0 -14.407 27.816
672 48.0 -14.407 27.440
684 48.0 -14.349 27.093
696 48.0 -14.370 26.361
708 48.0 -14.474 25.702
720 48.0 -14.392 26.081
732 48.0 -14.156 24.994
744 48.0 -14.297 24.930
756 48.0 -14.262 24.048
768 48.0 -14.249 24.109
780 48.0 -14.189 22.281
792 48.0 -14.378 22.011
804 48.0 -13.845 23.611
816 48.0 -14.742 21.744
828 48.0 -14.472 22.437
636 1.0 3.862 15.998
648 1.0 3.920 15.391
660 1.0 3.978 14.783
672 1.0 3.978 14.060
684 1.0 4.036 13.453
696 1.0 4.036 12.845
708 1.0 4.094 12.237
720 1.0 4.151 11.746
732 1.0 3.786 10.703
744 1.0 3.863 9.163
756 1.0 4.150 8.981
768 1.0 3.923 10.554
780 1.0 4.220 8.783
792 1.0 3.984 10.047
804 1.0 4.332 9.676
816 1.0 4.096 9.644
828 1.0 3.997 9.338
840 1.0 3.906 7.583
852 1.0 4.196 6.222
864 1.0 3.650 6.837
696 34.0 4.267 27.455
708 34.0 4.267 27.252
720 34.0 4.238 27.252
732 34.0 4.209 27.194
744 34.0 4.180 27.194
756 34.0 4.180 26.905
768 34.0 4.296 26.298
780 34.0 4.412 25.690
792 34.0 4.442 26.474
804 34.0 4.491 25.914
816 34.0 4.417 25.481
828 34.0 4.650 25.108
840 34.0 4.274 24.829
852 34.0 4.677 25.041
864 34.0 4.465 24.201
876 34.0 4.455 23.649
888 34.0 4.491 23.643
900 34.0 4.629 22.671
912 34.0 4.377 22.789
924 34.0 4.276 22.270
720 9.0 -15.868 34.080
732 9.0 -15.897 34.080
744 9.0 -15.897 34.080
756 9.0 -15.897 34.022
768 9.0 -15.897 34.022
780 9.0 -15.926 34.022
792 9.0 -15.926 34.022
804 9.0 -15.926 34.022
816 9.0 -15.887 34.021
828 9.0 -15.895 33.986
840 9.0 -15.870 34.044
852 9.0 -15.914 33.995
864 9.0 -15.899 33.998
876 9.0 -15.892 34.024
888 9.0 -15.836 34.023
900 9.0 -15.915 34.069
912 9.0 -15.890 34.096
924 9.0 -15.880 34.046
936 9.0 -15.874 34.075
948 9.0 -15.917 34.072
720 18.0 -5.179 14.306
732 18.0 -5.121 13.814
744 18.0 -5.121 13.091
756 18.0 -5.077 12.353
768 18.0 -4.904 11.861
780 18.0 -4.730 11.384
792 18.0 -4.730 10.776
804 18.0 -4.730 10.169
816 18.0 -5.277 9.802
828 18.0 -5.065 9.580
840 18.0 -5.138 7.207
852 18.0 -5.138 7.489
864 18.0 -5.195 7.821
876 18.0 -5.119 7.202
888 18.0 -5.668 5.489
900 18.0 -5.171 7.442
912 18.0 -5.514 4.870
924 18.0 -5.294 7.546
936 18.0 -5.620 6.228
948 18.0 -4.796 8.876
744 13.0 -6.032 12.975
756 13.0 -5.974 12.483
768 13.0 -5.873 12.107
780 13.0 -5.699 11.630
792 13.0 -5.584 11.268
804 13.0 -5.584 10.531
816 13.0 -5.584 9.923
828 13.0 -5.584 9.446
840 13.0 -5.789 9.024
852 13.0 -5.669 8.531
864 13.0 -5.483 7.929
876 13.0 -5.719 7.594
888 13.0 -5.835 7.501
900 13.0 -6.232 6.396
912 13.0 -6.323 6.126
924 13.0 -6.129 6.057
936 13.0 -6.084 4.781
948 13.0 -6.420 3.372
960 13.0 -6.071 5.377
972 13.0 -5.625 5.348
744 20.0 -20.078 21.596
756 20.0 -19.730 21.857
768 20.0 -19.354 22.088
780 20.0 -18.964 22.334
792 20.0 -18.501 22.826
804 20.0 -18.110 23.188
816 20.0 -17.763 23.188
828 20.0 -17.488 23.303
840 20.0 -17.723 22.848
852 20.0 -18.301 22.603
864 20.0 -17.600 23.142
876 20.0 -17.338 22.731
888 20.0 -17.065 23.138
900 20.0 -16.878 23.186
912 20.0 -17.193 22.322
924 20.0 -16.874 21.879
936 20.0 -16.974 22.572
948 20.0 -17.073 22.443
960 20.0 -16.464 22.374
972 20.0 -17.222 22.926
756 67.0 2.416 41.298
768 67.0 2.416 40.589
780 67.0 2.416 40.227
792 67.0 2.416 39.851
804 67.0 2.416 39.504
816 67.0 2.416 39.012
828 67.0 2.474 38.636
840 67.0 2.531 38.144
852 67.0 2.564 37.294
864 67.0 2.824 37.976
876 67.0 2.741 37.423
888 67.0 2.748 36.347
900 67.0 2.861 35.488
912 67.0 3.076 34.969
924 67.0 2.454 34.382
936 67.0 2.741 33.736
948 67.0 2.780 34.526
960 67.0 2.493 34.117
972 67.0 2.202 32.062
984 67.0 2.636 32.564
792 57.0 -7.037 41.535
804 57.0 -7.055 41.539
816 57.0 -7.073 41.542
828 57.0 -7.090 41.545
840 57.0 -7.108 41.548
852 57.0 -7.126 41.552
864 57.0 -7.145 41.555
876 57.0 -7.163 41.558
888 57.0 -7.133 41.626
900 57.0 -7.209 41.700
912 57.0 -7.107 41.760
924 57.0 -7.110 41.717
936 57.0 -7.007 41.819
948 57.0 -7.059 41.812
960 57.0 -7.017 41.750
972 57.0 -6.934 41.787
984 57.0 -6.942 41.822
996 57.0 -6.939 41.873
1008 57.0 -6.981 41.840
1020 57.0 -6.886 41.891
816 62.0 5.887 18.920
828 62.0 5.887 18.689
840 62.0 5.887 18.573
852 62.0 5.887 18.197
864 62.0 6.234 16.866
876 62.0 6.408 15.883
888 62.0 6.408 15.391
900 62.0 6.408 14.914
912 62.0 6.411 15.925
924 62.0 6.386 15.218
936 62.0 6.497 14.397
948 62.0 6.818 14.385
960 62.0 6.760 13.721
972 62.0 6.458 12.714
984 62.0 6.557 12.355
996 62.0 6.811 11.789
1008 62.0 6.101 10.105
1020 62.0 6.539 10.763
1032 62.0 6.216 11.331
1044 62.0 6.628 9.331
840 49.0 -15.145 22.696
852 49.0 -15.203 22.349
864 49.0 -15.261 21.972
876 49.0 -15.376 21.596
888 49.0 -15.666 21.249
900 49.0 -15.941 20.873
912 49.0 -16.230 20.642
924 49.0 -16.461 20.381
936 49.0 -15.848 19.434
948 49.0 -15.582 19.059
960 49.0 -16.180 18.792
972 49.0 -15.943 18.306
984 49.0 -16.090 17.937
996 49.0 -16.071 17.590
1008 49.0 -15.617 17.783
1020 49.0 -15.943 16.263
1032 49.0 -15.848 16.499
1044 49.0 -16.047 15.115
1056 49.0 -15.536 16.378
1068 49.0 -15.697 15.054
876 2.0 4.788 4.817
888 2.0 4.788 4.325
900 2.0 4.788 3.848
912 2.0 4.788 3.110
924 2.0 4.788 2.372
936 2.0 4.672 1.895
948 2.0 4.557 1.649
960 2.0 4.499 1.287
972 2.0 4.498 0.314
984 2.0 4.405 0.878
996 2.0 4.414 -0.054
1008 2.0 4.530 -1.800
1020 2.0 4.444 -2.070
1032 2.0 4.025 -3.234
1044 2.0 4.341 -3.675
1056 2.0 4.795 -3.217
1068 2.0 4.276 -4.974
1080 2.0 4.217 -3.106
1092 2.0 4.222 -1.803
1104 2.0 3.663 -1.941
936 35.0 5.627 19.108
948 35.0 5.743 18.501
960 35.0 5.974 18.139
972 35.0 6.263 17.647
984 35.0 6.437 17.286
996 35.0 6.553 16.924
1008 35.0 6.770 16.490
1020 35.0 7.059 15.941
1032 35.0 6.681 15.105
1044 35.0 6.306 14.692
1056 35.0 6.648 15.482
1068 35.0 6.424 14.354
1080 35.0 6.487 13.732
1092 35.0 6.466 13.181
1104 35.0 6.172 11.204
1116 35.0 6.321 12.019
1128 35.0 6.737 11.643
1140 35.0 6.688 10.921
1152 35.0 6.674 10.233
1164 35.0 6.384 11.182
960 10.0 -16.027 34.007
972 10.0 -16.027 34.007
984 10.0 -16.027 34.007
996 10.0 -16.027 34.007
1008 10.0 -16.085 33.950
1020 10.0 -16.085 33.950
1032 10.0 -16.085 33.950
1044 10.0 -16.085 33.892
1056 10.0 -16.111 33.897
1068 10.0 -16.049 33.897
1080 10.0 -16.143 33.867
1092 10.0 -16.127 33.923
1104 10.0 -16.080 33.879
1116 10.0 -16.198 33.928
1128 10.0 -16.276 33.905
1140 10.0 -16.233 33.880
1152 10.0 -16.166 33.949
1164 10.0 -16.240 33.939
1176 10.0 -16.247 33.974
1188 10.0 -16.301 33.875
960 19.0 -3.935 3.356
972 19.0 -3.935 2.864
984 19.0 -3.935 2.372
996 19.0 -3.935 1.895
1008 19.0 -3.963 1.215
1020 19.0 -3.963 0.608
1032 19.0 -3.992 0.072
1044 19.0 -4.021 -0.535
1056 19.0 -3.652 -0.787
1068 19.0 -4.160 -0.954
1080 19.0 -3.834 -1.041
1092 19.0 -3.989 -1.901
1104 19.0 -3.989 -1.654
1116 19.0 -3.904 -2.300
1128 19.0 -3.840 -4.285
1140 19.0 -3.893 -4.431
1152 19.0 -4.052 -3.873
1164 19.0 -3.832 -3.973
1176 19.0 -3.824 -4.189
1188 19.0 -3.657 -4.458
984 14.0 -4.846 2.864
996 14.0 -4.730 2.257
1008 14.0 -4.672 1.519
1020 14.0 -4.672 0.984
1032 14.0 -4.672 0.318
1044 14.0 -4.672 -0.231
1056 14.0 -4.672 -0.897
1068 14.0 -4.672 -1.504
1080 14.0 -4.485 -2.058
1092 14.0 -4.416 -2.069
1104 14.0 -4.983 -3.168
1116 14.0 -4.720 -3.362
1128 14.0 -4.386 -3.760
1140 14.0 -4.802 -4.688
1152 14.0 -4.680 -3.900
1164 14.0 -4.583 -4.025
1176 14.0 -4.859 -5.596
1188 14.0 -4.505 -6.434
1200 14.0 -4.179 -6.699
1212 14.0 -4.858 -4.537
984 21.0 -14.856 29.147
996 21.0 -14.697 29.523
1008 21.0 -14.552 29.943
1020 21.0 -14.465 30.608
1032 21.0 -14.378 31.158
1044 21.0 -14.292 31.823
1056 21.0 -14.219 32.373
1068 21.0 -14.017 32.865
1080 21.0 -14.303 32.063
1092 21.0 -14.535 32.992
1104 21.0 -14.369 34.294
1116 21.0 -14.095 33.726
1128 21.0 -14.198 33.968
1140 21.0 -14.033 35.657
1152 21.0 -14.255 35.927
1164 21.0 -14.663 35.317
1176 21.0 -14.280 36.057
1188 21.0 -14.545 35.311
1200 21.0 -14.026 36.036
1212 21.0 -14.393 37.815
996 54.0 -9.316 24.374
1008 54.0 -9.026 23.419
1020 54.0 -8.578 22.811
1032 54.0 -8.115 22.349
1044 54.0 -7.594 21.741
1056 54.0 -7.146 21.119
1068 54.0 -7.030 20.989
1080 54.0 -6.929 20.873
1092 54.0 -7.274 19.000
1104 54.0 -6.690 18.837
1116 54.0 -5.974 17.792
1128 54.0 -6.973 19.212
1140 54.0 -7.300 19.517
1152 54.0 -6.869 19.780
1164 54.0 -5.837 17.019
1176 54.0 -5.599 16.209
1188 54.0 -5.080 17.281
1200 54.0 -6.800 17.570
1212 54.0 -5.522 17.807
1224 54.0 -5.169 17.075
996 68.0 3.269 31.230
1008 68.0 3.182 30.782
1020 68.0 3.124 30.304
1032 68.0 3.124 29.813
1044 68.0 3.182 29.205
1056 68.0 3.240 28.713
1068 68.0 3.240 28.250
1080 68.0 3.298 27.758
1092 68.0 3.167 27.847
1104 68.0 3.181 27.990
1116 68.0 3.241 27.026
1128 68.0 3.513 26.099
1140 68.0 3.359 25.829
1152 68.0 3.504 25.354
1164 68.0 3.106 24.814
1176 68.0 3.042 25.695
1188 68.0 2.994 25.167
1200 68.0 3.201 23.187
1212 68.0 2.931 24.092
1224 68.0 2.916 24.531
1020 29.0 -8.375 -2.850
1032 29.0 -8.824 -3.341
1044 29.0 -9.229 -3.718
1056 29.0 -9.677 -4.180
1068 29.0 -10.140 -4.557
1080 29.0 -10.603 -5.048
1092 29.0 -10.993 -5.410
1104 29.0 -11.442 -5.887
1116 29.0 -11.374 -5.146
1128 29.0 -10.798 -5.623
1140 29.0 -11.455 -5.520
1152 29.0 -12.255 -4.992
1164 29.0 -11.796 -5.512
1176 29.0 -13.819 -5.947
1188 29.0 -12.165 -5.606
1200 29.0 -13.384 -5.324
1212 29.0 -12.523 -4.989
1224 29.0 -11.814 -5.002
1236 29.0 -12.904 -4.347
1248 29.0 -11.270 -5.370
1032 58.0 -7.396 41.600
1044 58.0 -7.414 41.603
1056 58.0 -7.432 41.607
1068 58.0 -7.450 41.610
1080 58.0 -7.468 41.613
1092 58.0 -7.486 41.616
1104 58.0 -7.504 41.620
1116 58.0 -7.522 41.623
1128 58.0 -7.537 41.614
1140 58.0 -7.424 41.689
1152 58.0 -7.458 41.692
1164 58.0 -7.518 41.699
1176 58.0 -7.471 41.631
1188 58.0 -7.516 41.664
1200 58.0 -7.385 41.618
1212 58.0 -7.409 41.620
1224 58.0 -7.385 41.640
1236 58.0 -7.438 41.629
1248 58.0 -7.420 41.684
1260 58.0 -7.408 41.699
1056 63.0 5.092 5.844
1068 63.0 5.034 5.236
1080 63.0 4.918 4.629
1092 63.0 4.918 3.906
1104 63.0 4.918 3.298
1116 63.0 4.918 2.560
1128 63.0 4.918 1.953
1140 63.0 4.918 1.230
1152 63.0 4.905 1.818
1164 63.0 5.055 1.669
1176 63.0 5.199 0.641
1188 63.0 5.200 0.070
1200 63.0 5.088 -0.763
1212 63.0 5.123 -0.833
1224 63.0 4.946 -2.836
1236 63.0 5.006 -2.837
1248 63.0 5.007 -2.931
1260 63.0 4.445 -1.936
1272 63.0 4.389 -2.794
1284 63.0 4.612 -3.106
1116 3.0 3.804 -5.164
1128 3.0 3.746 -5.280
1140 3.0 3.703 -5.395
1152 3.0 3.645 -5.395
1164 3.0 3.587 -5.395
1176 3.0 3.472 -5.395
1188 3.0 3.414 -5.280
1200 3.0 3.356 -5.280
1212 3.0 3.152 -5.294
1224 3.0 3.073 -5.440
1236 3.0 2.986 -5.200
1248 3.0 2.702 -4.559
1260 3.0 3.283 -4.822
1272 3.0 2.932 -4.737
1284 3.0 3.148 -4.626
1296 3.0 3.032 -4.645
1308 3.0 2.775 -4.543
1320 3.0 2.863 -4.885
1332 3.0 2.892 -4.724
1344 3.0 2.504 -4.606
1152 39.0 15.579 19.181
1164 39.0 15.174 19.296
1176 39.0 14.711 19.412
1188 39.0 14.320 19.412
1200 39.0 13.915 19.528
1212 39.0 13.525 19.658
1224 39.0 13.120 19.788
1236 39.0 12.671 19.788
1248 39.0 13.077 19.887
1260 39.0 12.549 19.863
1272 39.0 12.488 20.581
1284 39.0 11.995 20.405
1296 39.0 11.165 20.346
1308 39.0 10.951 20.742
1320 39.0 10.413 20.678
1332 39.0 10.588 21.189
1344 39.0 9.045 21.822
1356 39.0 9.255 21.728
1368 39.0 9.223 22.027
1380 39.0 9.134 21.031
1188 38.0 15.116 21.293
1200 38.0 14.176 20.627
1212 38.0 13.843 20.685
1224 38.0 13.496 20.815
1236 38.0 13.149 20.945
1248 38.0 12.744 21.061
1260 38.0 12.411 21.119
1272 38.0 12.078 21.235
1284 38.0 12.212 21.485
1296 38.0 12.865 21.203
1308 38.0 11.572 21.714
1320 38.0 11.639 21.423
1332 38.0 11.300 22.007
1344 38.0 10.396 22.086
1356 38.0 9.530 22.153
1368 38.0 9.693 21.957
1380 38.0 9.617 21.879
1392 38.0 9.836 22.007
1404 38.0 8.508 22.349
1416 38.0 8.651 23.396
1200 11.0 -16.085 33.414
1212 11.0 -16.085 33.414
1224 11.0 -16.085 33.414
1236 11.0 -16.085 33.299
1248 11.0 -16.085 33.299
1260 11.0 -16.085 33.299
1272 11.0 -16.085 33.226
1284 11.0 -16.085 33.226
1296 11.0 -16.112 33.250
1308 11.0 -16.095 33.160
1320 11.0 -16.056 33.137
1332 11.0 -16.080 33.186
1344 11.0 -16.061 33.137
1356 11.0 -16.080 33.093
1368 11.0 -16.014 33.122
1380 11.0 -15.906 32.956
1392 11.0 -15.985 33.047
1404 11.0 -16.008 32.828
1416 11.0 -15.989 32.852
1428 11.0 -15.925 32.704
1236 69.0 3.298 21.191
1248 69.0 3.298 20.700
1260 69.0 3.298 20.208
1272 69.0 3.298 19.716
1284 69.0 3.414 19.108
1296 69.0 3.472 18.617
1308 69.0 3.529 18.125
1320 69.0 3.587 17.662
1332 69.0 3.498 17.415
1344 69.0 3.400 17.161
1356 69.0 3.594 17.044
1368 69.0 3.576 16.209
1380 69.0 3.466 15.722
1392 69.0 3.766 15.479
1404 69.0 3.241 14.581
1416 69.0 3.446 14.430
1428 69.0 3.152 14.138
1440 69.0 3.110 14.644
1452 69.0 3.412 12.882
1464 69.0 3.289 12.568
1260 30.0 -16.563 -9.793
1272 30.0 -16.852 -10.285
1284 30.0 -17.141 -10.632
1296 30.0 -17.373 -11.008
1308 30.0 -17.604 -11.384
1320 30.0 -17.792 -11.731
1332 30.0 -17.966 -12.107
1344 30.0 -18.183 -12.397
1356 30.0 -18.028 -12.056
1368 30.0 -18.350 -12.396
1380 30.0 -18.920 -12.571
1392 30.0 -19.193 -12.902
1404 30.0 -18.449 -13.080
1416 30.0 -17.710 -14.095
1428 30.0 -17.882 -14.810
1440 30.0 -18.312 -15.139
1452 30.0 -17.960 -15.559
1464 30.0 -18.314 -14.953
1476 30.0 -18.290 -15.787
1488 30.0 -18.114 -16.340
1272 59.0 -6.726 34.933
1284 59.0 -6.668 34.326
1296 59.0 -6.553 33.704
1308 59.0 -6.495 33.096
1320 59.0 -6.437 32.489
1332 59.0 -6.321 31.881
1344 59.0 -6.321 31.274
1356 59.0 -6.321 30.550
1368 59.0 -6.540 30.209
1380 59.0 -6.747 29.644
1392 59.0 -6.687 29.596
1404 59.0 -6.752 28.540
1416 59.0 -6.681 28.703
1428 59.0 -6.846 27.470
1440 59.0 -6.881 27.384
1452 59.0 -6.819 27.330
1464 59.0 -6.608 28.120
1476 59.0 -6.969 25.330
1488 59.0 -6.196 27.702
1500 59.0 -7.526 26.004
