0 129.0 13.101 5.980
12 129.0 12.359 5.980
24 129.0 11.631 5.980
36 129.0 10.903 5.980
48 129.0 10.161 5.980
60 129.0 9.476 6.094
72 129.0 8.691 6.094
84 129.0 7.906 6.094
96 129.0 9.185 7.348
108 129.0 8.512 7.916
120 129.0 8.658 7.782
132 129.0 8.850 8.175
144 129.0 8.519 8.114
156 129.0 8.159 8.449
168 129.0 6.247 9.390
180 129.0 6.899 9.828
192 129.0 7.697 9.714
204 129.0 5.907 10.189
216 129.0 5.270 10.458
228 129.0 6.072 10.692
0 112.0 -19.866 18.696
12 112.0 -19.866 18.696
24 112.0 -19.809 18.696
36 112.0 -19.766 18.696
48 112.0 -19.709 18.696
60 112.0 -19.652 18.696
72 112.0 -19.595 18.696
84 112.0 -19.595 18.696
96 112.0 -19.638 18.790
108 112.0 -19.679 18.836
120 112.0 -19.744 18.784
132 112.0 -19.806 18.752
144 112.0 -19.821 18.787
156 112.0 -19.772 18.688
168 112.0 -19.783 18.670
180 112.0 -19.755 18.640
192 112.0 -19.702 18.600
204 112.0 -19.774 18.701
216 112.0 -19.859 18.704
228 112.0 -19.931 18.698
60 141.0 -8.206 27.844
72 141.0 -8.649 27.844
84 141.0 -9.020 28.072
96 141.0 -9.376 28.415
108 141.0 -9.648 28.301
120 141.0 -9.862 27.958
132 141.0 -9.844 27.958
144 141.0 -9.823 27.957
156 141.0 -10.134 28.670
168 141.0 -10.855 28.658
180 141.0 -10.417 28.660
192 141.0 -10.825 28.994
204 141.0 -11.335 28.835
216 141.0 -11.541 29.352
228 141.0 -12.214 29.493
240 141.0 -13.694 29.976
252 141.0 -14.000 29.749
264 141.0 -13.561 30.270
276 141.0 -14.692 31.047
288 141.0 -14.673 30.511
60 117.0 -2.298 34.238
72 117.0 -2.412 34.609
84 117.0 -2.612 34.837
96 117.0 -2.840 34.837
108 117.0 -3.097 34.951
120 117.0 -3.297 34.951
132 117.0 -3.668 34.951
144 117.0 -4.196 34.837
156 117.0 -4.268 34.963
168 117.0 -4.656 35.249
180 117.0 -4.787 35.210
192 117.0 -5.323 35.287
204 117.0 -5.226 35.819
216 117.0 -6.126 36.349
228 117.0 -6.111 35.894
240 117.0 -7.097 36.226
252 117.0 -7.328 36.505
264 117.0 -8.243 37.396
276 117.0 -8.752 37.613
288 117.0 -9.648 37.971
108 131.0 16.312 7.293
120 131.0 15.670 6.836
132 131.0 15.042 6.836
144 131.0 14.414 6.836
156 131.0 13.786 6.836
168 131.0 13.201 6.836
180 131.0 12.573 6.836
192 131.0 11.945 6.722
204 131.0 11.749 7.647
216 131.0 12.883 7.374
228 131.0 11.682 6.566
240 131.0 11.804 7.182
252 131.0 11.164 7.283
264 131.0 12.030 7.121
276 131.0 11.236 6.511
288 131.0 12.755 6.730
300 131.0 11.555 6.758
312 131.0 9.940 6.889
324 131.0 12.594 6.672
336 131.0 11.905 6.809
240 130.0 -0.999 6.436
252 130.0 -1.727 6.436
264 130.0 -2.469 6.436
276 130.0 -3.197 6.436
288 130.0 -3.939 6.436
300 130.0 -4.667 6.436
312 130.0 -5.395 6.436
324 130.0 -6.194 6.436
336 130.0 -5.267 6.976
348 130.0 -4.771 6.771
360 130.0 -5.267 7.236
372 130.0 -6.295 7.696
384 130.0 -6.449 8.063
396 130.0 -5.719 7.443
408 130.0 -7.034 8.300
420 130.0 -8.385 8.762
432 130.0 -7.166 8.262
444 130.0 -8.092 8.928
456 130.0 -7.080 8.533
468 130.0 -7.891 9.498
240 113.0 -18.182 18.422
252 113.0 -18.239 18.433
264 113.0 -18.295 18.444
276 113.0 -18.352 18.456
288 113.0 -18.408 18.467
300 113.0 -18.465 18.478
312 113.0 -18.521 18.490
324 113.0 -18.578 18.501
336 113.0 -18.438 18.338
348 113.0 -18.412 18.294
360 113.0 -18.474 18.328
372 113.0 -18.443 18.312
384 113.0 -18.453 18.308
396 113.0 -18.377 18.158
408 113.0 -18.411 18.293
420 113.0 -18.446 18.283
432 113.0 -18.272 18.344
444 113.0 -18.359 18.345
456 113.0 -18.364 18.333
468 113.0 -18.353 18.350
300 142.0 -9.547 27.952
312 142.0 -9.526 27.952
324 142.0 -9.505 27.951
336 142.0 -9.483 27.951
348 142.0 -9.462 27.951
360 142.0 -9.441 27.950
372 142.0 -9.420 27.950
384 142.0 -9.399 27.949
396 142.0 -9.439 28.082
408 142.0 -9.426 28.065
420 142.0 -9.440 28.041
432 142.0 -9.453 27.997
444 142.0 -9.333 27.956
456 142.0 -9.407 27.853
468 142.0 -9.405 27.929
480 142.0 -9.397 27.977
492 142.0 -9.403 27.907
504 142.0 -9.363 28.002
516 142.0 -9.244 27.905
528 142.0 -9.502 27.853
300 118.0 -6.103 34.750
312 118.0 -5.914 34.754
324 118.0 -5.725 34.759
336 118.0 -5.537 34.764
348 118.0 -5.348 34.768
360 118.0 -5.159 34.772
372 118.0 -4.970 34.777
384 118.0 -4.782 34.782
396 118.0 -4.860 34.511
408 118.0 -4.342 34.475
420 118.0 -4.004 34.750
432 118.0 -3.343 34.220
444 118.0 -3.616 34.262
456 118.0 -3.743 34.120
468 118.0 -3.304 34.328
480 118.0 -3.869 34.388
492 118.0 -3.516 34.045
504 118.0 -3.675 34.568
516 118.0 -3.690 34.076
528 118.0 -3.008 34.639
348 132.0 3.825 6.494
360 132.0 3.197 6.494
372 132.0 2.512 6.494
384 132.0 1.827 6.379
396 132.0 1.156 6.379
408 132.0 0.471 6.379
420 132.0 -0.157 6.251
432 132.0 -0.842 6.251
444 132.0 -0.634 6.448
456 132.0 -0.616 6.689
468 132.0 -1.427 6.895
480 132.0 -1.099 6.445
492 132.0 -2.506 7.250
504 132.0 -2.090 7.774
516 132.0 -3.165 7.840
528 132.0 -3.442 8.173
540 132.0 -2.971 8.913
552 132.0 -4.279 7.994
564 132.0 -4.483 9.393
576 132.0 -4.312 9.248
528 139.0 -14.928 38.176
540 139.0 -15.313 38.348
552 139.0 -15.513 38.633
564 139.0 -15.456 38.633
576 139.0 -15.413 38.633
588 139.0 -15.356 38.633
600 139.0 -15.256 38.690
612 139.0 -15.313 38.690
624 139.0 -15.235 38.639
636 139.0 -15.421 38.431
648 139.0 -15.157 38.641
660 139.0 -15.312 38.666
672 139.0 -15.206 38.754
684 139.0 -15.223 38.456
696 139.0 -15.161 38.504
708 139.0 -15.165 38.599
720 139.0 -15.046 38.549
732 139.0 -15.133 38.525
744 139.0 -14.999 38.474
756 139.0 -14.979 38.388
768 140.0 -15.570 38.774
780 140.0 -15.570 38.776
792 140.0 -15.570 38.778
804 140.0 -15.570 38.780
816 140.0 -15.570 38.782
828 140.0 -15.570 38.784
840 140.0 -15.570 38.786
852 140.0 -15.570 38.788
864 140.0 -15.524 38.771
876 140.0 -15.535 38.723
888 140.0 -15.566 38.707
900 140.0 -15.551 38.681
912 140.0 -15.554 38.636
924 140.0 -15.554 38.692
936 140.0 -15.524 38.716
948 140.0 -15.556 38.718
960 140.0 -15.537 38.713
972 140.0 -15.519 38.750
984 140.0 -15.603 38.814
996 140.0 -15.631 38.850
1416 160.0 -15.913 18.753
1428 160.0 -16.484 18.753
1440 160.0 -17.055 18.753
1452 160.0 -17.640 18.753
1464 160.0 -18.196 18.810
1476 160.0 -18.767 18.810
1488 160.0 -19.338 18.810
1500 160.0 -19.809 18.810
1512 160.0 -19.118 18.235
1524 160.0 -19.860 19.506
1536 160.0 -19.935 19.577
1548 160.0 -20.755 19.962
1560 160.0 -20.993 20.064
1572 160.0 -20.814 20.326
1584 160.0 -21.546 20.364
1596 160.0 -21.555 21.193
1608 160.0 -22.193 20.276
1620 160.0 -22.944 20.953
1632 160.0 -24.987 22.589
1644 160.0 -22.273 21.825
1524 5.0 12.944 5.209
1536 5.0 12.473 5.209
1548 5.0 11.945 5.323
1560 5.0 11.417 5.323
1572 5.0 10.946 5.452
1584 5.0 10.433 5.452
1596 5.0 9.904 5.566
1608 5.0 9.434 5.566
1620 5.0 9.397 6.145
1632 5.0 9.536 5.604
1644 5.0 8.461 5.502
1656 5.0 8.831 5.603
1668 5.0 8.675 5.488
1680 5.0 8.639 4.787
1692 5.0 7.605 5.287
1704 5.0 7.774 5.048
1716 5.0 7.423 5.566
1728 5.0 7.559 6.003
1740 5.0 7.795 5.662
1752 5.0 6.734 5.700
1656 161.0 -19.937 18.225
1668 161.0 -19.966 18.225
1680 161.0 -19.966 18.168
1692 161.0 -19.966 18.168
1704 161.0 -19.994 18.111
1716 161.0 -19.994 18.054
1728 161.0 -19.994 18.054
1740 161.0 -20.009 17.996
1752 161.0 -19.934 17.983
1764 161.0 -19.918 18.032
1776 161.0 -19.917 18.086
1788 161.0 -19.855 18.100
1800 161.0 -19.848 18.130
1812 161.0 -19.858 18.077
1824 161.0 -19.879 18.131
1836 161.0 -19.817 18.121
1848 161.0 -19.876 18.224
1860 161.0 -19.829 18.238
1872 161.0 -19.899 18.246
1884 161.0 -19.899 18.268
1764 6.0 3.083 5.694
1776 6.0 2.569 5.694
1788 6.0 2.041 5.694
1800 6.0 1.513 5.694
1812 6.0 0.999 5.694
1824 6.0 0.471 5.694
1836 6.0 -0.057 5.694
1848 6.0 -0.571 5.694
1860 6.0 0.050 6.019
1872 6.0 -0.563 6.172
1884 6.0 -0.622 5.327
1896 6.0 -1.030 4.939
1908 6.0 -1.359 4.843
1920 6.0 -1.660 5.314
1932 6.0 -2.275 5.445
1944 6.0 -2.326 4.890
1956 6.0 -2.701 5.704
1968 6.0 -3.180 6.491
1980 6.0 -1.694 4.670
1992 6.0 -3.742 5.814
2004 7.0 -7.635 5.623
2016 7.0 -8.063 5.680
2028 7.0 -8.520 5.680
2040 7.0 -8.977 5.623
2052 7.0 -9.405 5.680
2064 7.0 -9.862 5.680
2076 7.0 -10.375 5.623
2088 7.0 -10.961 5.623
2100 7.0 -10.054 5.880
2112 7.0 -10.101 5.997
2124 7.0 -10.718 5.297
2136 7.0 -10.427 5.821
2148 7.0 -10.904 5.969
2160 7.0 -11.896 6.349
2172 7.0 -11.830 6.257
2184 7.0 -13.449 6.825
2196 7.0 -14.020 7.235
2208 7.0 -13.029 6.964
2220 7.0 -14.671 8.145
2232 7.0 -14.387 7.982
2052 8.0 -0.257 17.540
2064 8.0 -0.942 17.540
2076 8.0 -1.570 17.426
2088 8.0 -2.198 17.426
2100 8.0 -2.826 17.426
2112 8.0 -3.454 17.311
2124 8.0 -4.039 17.311
2136 8.0 -4.667 17.311
2148 8.0 -4.102 17.872
2160 8.0 -4.469 17.871
2172 8.0 -4.548 18.129
2184 8.0 -4.882 18.146
2196 8.0 -5.203 17.981
2208 8.0 -5.671 17.392
2220 8.0 -6.245 18.814
2232 8.0 -5.607 18.241
2244 8.0 -6.257 18.783
2256 8.0 -7.316 18.356
2268 8.0 -5.711 19.398
2280 8.0 -7.607 18.664
3228 37.0 -0.542 17.254
3240 37.0 -0.114 16.798
3252 37.0 0.457 16.798
3264 37.0 0.451 17.039
3276 37.0 0.429 17.090
3288 37.0 0.407 17.141
3300 37.0 0.385 17.192
3312 37.0 0.362 17.243
3324 37.0 1.046 16.773
3336 37.0 2.124 16.409
3348 37.0 1.860 16.686
3360 37.0 2.158 16.662
3372 37.0 2.120 16.598
3384 37.0 2.375 16.702
3396 37.0 2.522 16.989
3408 37.0 2.376 16.807
3420 37.0 2.644 16.983
3432 37.0 2.735 17.031
3444 37.0 3.251 16.611
3456 37.0 3.368 17.407
3492 35.0 1.028 17.026
3504 35.0 0.457 17.140
3516 35.0 0.128 17.254
3528 35.0 -0.186 17.369
3540 35.0 -0.500 17.540
3552 35.0 -0.871 17.540
3564 35.0 -1.185 17.540
3576 35.0 -1.613 17.540
3588 35.0 -1.076 17.385
3600 35.0 -1.372 17.877
3612 35.0 -1.891 17.971
3624 35.0 -1.686 18.002
3636 35.0 -3.024 18.486
3648 35.0 -3.000 18.113
3660 35.0 -4.192 18.336
3672 35.0 -4.628 18.737
3684 35.0 -4.068 18.428
3696 35.0 -4.602 18.626
3708 35.0 -4.869 19.546
3720 35.0 -4.997 18.821
3732 36.0 -6.265 17.426
3744 36.0 -6.636 17.426
3756 36.0 -7.007 17.426
3768 36.0 -7.378 17.426
3780 36.0 -7.721 17.426
3792 36.0 -8.035 17.426
3804 36.0 -8.406 17.426
3816 36.0 -8.777 17.426
3828 36.0 -8.522 17.898
3840 36.0 -8.985 18.057
3852 36.0 -9.296 18.234
3864 36.0 -9.458 18.574
3876 36.0 -9.975 18.542
3888 36.0 -10.652 19.131
3900 36.0 -10.269 19.169
3912 36.0 -11.858 19.315
3924 36.0 -12.345 19.652
3936 36.0 -14.128 20.091
3948 36.0 -13.604 19.543
3960 36.0 -13.537 19.841
4788 74.0 16.369 6.494
4800 74.0 14.985 6.436
4812 74.0 13.501 6.436
4824 74.0 11.974 6.551
4836 74.0 10.504 6.551
4848 74.0 8.963 6.551
4860 74.0 7.264 6.551
4872 74.0 5.552 6.551
4884 74.0 10.291 6.242
4896 74.0 10.971 6.322
4908 74.0 10.771 5.772
4920 74.0 10.809 6.121
4932 74.0 10.440 6.139
4944 74.0 11.323 5.761
4956 74.0 9.450 7.293
4968 74.0 11.401 6.211
4980 74.0 11.337 5.700
4992 74.0 10.391 6.495
5004 74.0 10.482 6.652
5016 74.0 10.138 7.049
6744 152.0 15.142 5.866
6756 152.0 14.115 5.866
6768 152.0 13.230 5.980
6780 152.0 12.502 5.980
6792 152.0 11.760 6.094
6804 152.0 11.132 6.094
6816 152.0 10.604 6.094
6828 152.0 10.033 6.094
6840 152.0 10.453 6.099
6852 152.0 10.163 6.370
6864 152.0 9.417 6.333
6876 152.0 10.182 6.264
6888 152.0 8.558 6.958
6900 152.0 9.143 6.355
6912 152.0 8.775 6.927
6924 152.0 9.973 5.724
6936 152.0 10.228 6.155
6948 152.0 8.791 6.714
6960 152.0 7.916 6.917
6972 152.0 7.378 7.076
6984 150.0 -19.652 17.711
6996 150.0 -19.238 17.711
7008 150.0 -18.467 17.540
7020 150.0 -18.111 17.768
7032 150.0 -17.640 17.996
7044 150.0 -16.327 18.111
7056 150.0 -15.071 18.111
7068 150.0 -13.758 18.225
7080 150.0 -16.429 18.161
7092 150.0 -16.588 17.740
7104 150.0 -15.478 17.717
7116 150.0 -15.723 17.886
7128 150.0 -15.986 18.740
7140 150.0 -15.965 17.859
7152 150.0 -15.232 17.788
7164 150.0 -14.713 17.589
7176 150.0 -14.656 17.594
7188 150.0 -14.751 17.868
7200 150.0 -15.905 18.868
7212 150.0 -15.046 17.773
6984 153.0 3.425 6.094
6996 153.0 2.854 6.094
7008 153.0 2.269 6.094
7020 153.0 1.698 6.094
7032 153.0 1.127 6.094
7044 153.0 0.500 6.094
7056 153.0 -0.086 6.094
7068 153.0 -0.656 6.037
7080 153.0 -0.385 5.921
7092 153.0 -0.870 6.288
7104 153.0 -1.338 5.902
7116 153.0 -1.634 6.158
7128 153.0 -2.314 6.465
7140 153.0 -1.528 5.428
7152 153.0 -2.370 6.957
7164 153.0 -1.880 6.181
7176 153.0 -1.686 6.122
7188 153.0 -2.452 6.653
7200 153.0 -1.590 6.394
7212 153.0 -3.173 6.503
7224 151.0 -6.716 17.654
7236 151.0 -6.712 17.654
7248 151.0 -6.709 17.654
7260 151.0 -6.705 17.654
7272 151.0 -6.701 17.654
7284 151.0 -6.698 17.654
7296 151.0 -6.694 17.654
7308 151.0 -6.691 17.654
7320 151.0 -6.657 17.688
7332 151.0 -6.657 17.655
7344 151.0 -6.689 17.629
7356 151.0 -6.654 17.643
7368 151.0 -6.725 17.622
7380 151.0 -6.729 17.660
7392 151.0 -6.755 17.652
7404 151.0 -6.729 17.633
7416 151.0 -6.677 17.631
7428 151.0 -6.698 17.683
7440 151.0 -6.708 17.715
7452 151.0 -6.751 17.720
7224 154.0 -8.306 5.794
7236 154.0 -8.920 5.794
7248 154.0 -9.434 5.794
7260 154.0 -9.904 5.794
7272 154.0 -10.547 5.794
7284 154.0 -11.118 5.794
7296 154.0 -11.746 5.794
7308 154.0 -12.316 5.794
7320 154.0 -11.940 6.175
7332 154.0 -11.687 6.075
7344 154.0 -11.909 6.110
7356 154.0 -11.875 7.455
7368 154.0 -12.955 7.101
7380 154.0 -13.294 7.452
7392 154.0 -14.037 7.158
7404 154.0 -13.484 7.360
7416 154.0 -16.654 8.212
7428 154.0 -14.594 7.224
7440 154.0 -15.647 8.503
7452 154.0 -15.009 7.605
7512 156.0 -19.795 18.453
7524 156.0 -19.424 18.453
7536 156.0 -19.053 18.339
7548 156.0 -18.681 18.339
7560 156.0 -18.268 18.339
7572 156.0 -17.854 18.339
7584 156.0 -17.369 18.339
7596 156.0 -16.912 18.225
7608 156.0 -16.854 18.209
7620 156.0 -17.214 18.420
7632 156.0 -17.262 18.725
7644 156.0 -16.903 18.925
7656 156.0 -16.487 18.700
7668 156.0 -15.682 18.623
7680 156.0 -16.018 18.124
7692 156.0 -15.286 18.647
7704 156.0 -15.335 18.580
7716 156.0 -15.401 18.481
7728 156.0 -15.349 18.344
7740 156.0 -14.825 18.561
7596 86.0 -13.430 7.635
7608 86.0 -12.802 7.635
7620 86.0 -12.174 7.635
7632 86.0 -11.489 7.635
7644 86.0 -10.804 7.635
7656 86.0 -10.176 7.635
7668 86.0 -9.491 7.635
7680 86.0 -8.863 7.635
7692 86.0 -10.104 8.022
7704 86.0 -9.098 8.107
7716 86.0 -9.872 8.251
7728 86.0 -9.606 7.823
7740 86.0 -10.121 7.859
7752 86.0 -9.494 7.821
7764 86.0 -8.433 7.244
7776 86.0 -9.051 8.465
7788 86.0 -8.146 8.259
7800 86.0 -8.708 8.258
7812 86.0 -8.470 7.151
7824 86.0 -8.858 7.544
7644 92.0 16.584 6.551
7656 92.0 16.584 6.551
7668 92.0 16.584 6.551
7680 92.0 16.341 6.551
7692 92.0 15.884 6.551
7704 92.0 15.370 6.551
7716 92.0 14.914 6.551
7728 92.0 14.429 6.551
7740 92.0 14.594 6.607
7752 92.0 14.331 7.394
7764 92.0 13.918 7.095
7776 92.0 13.503 7.273
7788 92.0 13.034 6.904
7800 92.0 13.495 7.094
7812 92.0 13.183 7.449
7824 92.0 12.848 7.053
7836 92.0 12.082 7.163
7848 92.0 11.835 8.075
7860 92.0 11.663 8.369
7872 92.0 11.115 7.030
7836 87.0 -0.328 7.635
7848 87.0 0.300 7.764
7860 87.0 0.942 7.764
7872 87.0 1.570 7.764
7884 87.0 2.198 7.764
7896 87.0 2.840 7.892
7908 87.0 3.468 7.892
7920 87.0 4.096 7.892
7932 87.0 3.024 8.090
7944 87.0 2.884 7.345
7956 87.0 3.820 7.562
7968 87.0 2.636 7.944
7980 87.0 3.991 7.691
7992 87.0 3.416 7.908
8004 87.0 3.570 7.874
8016 87.0 4.326 7.444
8028 87.0 3.652 8.185
8040 87.0 4.044 8.175
8052 87.0 3.539 8.876
8064 87.0 2.850 7.679
7884 93.0 9.091 6.665
7896 93.0 8.663 6.665
7908 93.0 8.206 6.665
7920 93.0 7.778 6.665
7932 93.0 7.307 6.665
7944 93.0 6.893 6.665
7956 93.0 6.465 6.665
7968 93.0 5.951 6.551
7980 93.0 6.501 6.806
7992 93.0 6.320 7.137
8004 93.0 6.161 7.520
8016 93.0 6.450 7.607
8028 93.0 4.715 8.112
8040 93.0 5.431 8.340
8052 93.0 4.635 8.060
8064 93.0 4.854 8.090
8076 93.0 4.617 8.838
8088 93.0 3.191 9.154
8100 93.0 3.082 9.397
8112 93.0 2.900 9.427
8124 94.0 0.100 5.980
8136 94.0 -0.371 5.980
8148 94.0 -0.842 6.094
8160 94.0 -1.313 6.094
8172 94.0 -1.841 6.208
8184 94.0 -2.312 6.208
8196 94.0 -2.783 6.322
8208 94.0 -3.297 6.322
8220 94.0 -3.322 6.818
8232 94.0 -2.667 6.602
8244 94.0 -3.130 6.798
8256 94.0 -4.058 6.999
8268 94.0 -4.290 7.606
8280 94.0 -4.378 7.920
8292 94.0 -5.115 7.794
8304 94.0 -6.472 7.854
8316 94.0 -5.969 7.034
8328 94.0 -5.873 8.156
8340 94.0 -6.899 8.957
8352 94.0 -6.360 8.433
8364 95.0 -9.590 7.464
8376 95.0 -10.004 7.707
8388 95.0 -10.490 7.935
8400 95.0 -10.903 8.063
8412 95.0 -11.374 8.292
8424 95.0 -11.803 8.520
8436 95.0 -12.259 8.748
8448 95.0 -12.687 8.863
8460 95.0 -13.117 9.088
8472 95.0 -12.944 9.112
8484 95.0 -13.757 9.646
8496 95.0 -14.095 9.761
8508 95.0 -14.371 9.794
8520 95.0 -15.756 10.524
8532 95.0 -15.887 10.400
8544 95.0 -16.961 11.179
8556 95.0 -15.601 10.488
8568 95.0 -16.609 10.679
8580 95.0 -18.061 11.660
8592 95.0 -15.429 11.181
10968 97.0 -19.152 14.115
10980 97.0 -18.739 13.544
10992 97.0 -18.211 13.201
11004 97.0 -17.768 12.916
11016 97.0 -17.397 12.687
11028 97.0 -16.983 12.216
11040 97.0 -16.569 11.860
11052 97.0 -16.141 11.403
11064 97.0 -15.175 10.813
11076 97.0 -15.700 11.374
11088 97.0 -14.974 11.161
11100 97.0 -15.105 11.108
11112 97.0 -14.117 10.348
11124 97.0 -14.448 10.739
11136 97.0 -13.961 10.229
11148 97.0 -12.216 8.786
11160 97.0 -12.766 9.417
11172 97.0 -14.532 9.276
11184 97.0 -11.974 8.224
11196 97.0 -12.234 7.881
11004 56.0 8.406 8.121
11016 56.0 8.406 8.121
11028 56.0 8.406 8.121
11040 56.0 8.406 8.121
11052 56.0 8.406 8.121
11064 56.0 8.406 8.121
11076 56.0 8.406 8.121
11088 56.0 8.406 8.121
11100 56.0 8.407 8.075
11112 56.0 8.437 8.065
11124 56.0 8.381 8.059
11136 56.0 8.383 8.053
11148 56.0 8.364 8.123
11160 56.0 8.385 8.125
11172 56.0 8.357 8.145
11184 56.0 8.400 8.107
11196 56.0 8.404 8.113
11208 56.0 8.392 8.107
11220 56.0 8.402 8.095
11232 56.0 8.423 8.098
11208 98.0 -9.605 7.350
11220 98.0 -9.062 7.236
11232 98.0 -8.606 7.007
11244 98.0 -8.063 6.893
11256 98.0 -7.550 6.779
11268 98.0 -7.036 6.665
11280 98.0 -6.494 6.551
11292 98.0 -5.866 6.436
11304 98.0 -6.216 5.939
11316 98.0 -5.900 6.068
11328 98.0 -5.713 5.769
11340 98.0 -4.046 4.949
11352 98.0 -4.957 5.117
11364 98.0 -4.437 5.446
11376 98.0 -5.032 5.765
11388 98.0 -4.840 6.151
11400 98.0 -2.490 5.345
11412 98.0 -3.126 5.735
11424 98.0 -2.793 4.745
11436 98.0 -4.251 5.275
11244 57.0 8.406 8.121
11256 57.0 8.406 8.121
11268 57.0 8.406 8.121
11280 57.0 8.406 8.121
11292 57.0 8.406 8.121
11304 57.0 8.406 8.121
11316 57.0 8.406 8.121
11328 57.0 8.406 8.121
11340 57.0 8.334 8.167
11352 57.0 8.405 8.158
11364 57.0 8.414 8.157
11376 57.0 8.360 8.136
11388 57.0 8.393 8.107
11400 57.0 8.405 8.061
11412 57.0 8.354 8.006
11424 57.0 8.310 8.063
11436 57.0 8.332 8.119
11448 57.0 8.331 8.140
11460 57.0 8.333 8.151
11472 57.0 8.326 8.172
11448 99.0 2.198 5.980
11460 99.0 2.726 5.866
11472 99.0 3.297 5.866
11484 99.0 3.811 5.751
11496 99.0 4.410 5.751
11508 99.0 4.952 5.694
11520 99.0 5.509 5.680
11532 99.0 6.051 5.566
11544 99.0 5.985 5.193
11556 99.0 6.542 5.166
11568 99.0 5.725 4.973
11580 99.0 6.834 4.772
11592 99.0 6.936 3.919
11604 99.0 7.461 4.307
11616 99.0 7.581 4.037
11628 99.0 8.444 4.064
11640 99.0 8.636 2.733
11652 99.0 10.801 2.821
11664 99.0 10.615 2.723
11676 99.0 11.533 1.252
11928 19.0 -19.937 18.924
11940 19.0 -19.809 19.038
11952 19.0 -19.866 19.038
11964 19.0 -19.866 19.038
11976 19.0 -19.866 19.167
11988 19.0 -19.866 19.167
12000 19.0 -19.866 19.281
12012 19.0 -19.880 19.281
12024 19.0 -19.869 19.372
12036 19.0 -19.841 19.379
12048 19.0 -19.809 19.370
12060 19.0 -19.758 19.475
12072 19.0 -19.767 19.506
12084 19.0 -19.667 19.643
12096 19.0 -19.549 19.810
12108 19.0 -19.520 19.617
12120 19.0 -19.394 20.252
12132 19.0 -19.426 20.378
12144 19.0 -19.406 20.509
12156 19.0 -19.556 20.388
12168 20.0 -16.013 18.225
12180 20.0 -15.599 18.111
12192 20.0 -15.171 18.111
12204 20.0 -14.914 17.768
12216 20.0 -14.714 17.426
12228 20.0 -14.598 17.311
12240 20.0 -14.595 17.309
12252 20.0 -14.591 17.308
12264 20.0 -13.950 16.767
12276 20.0 -13.504 17.159
12288 20.0 -12.463 16.351
12300 20.0 -11.875 15.950
12312 20.0 -11.509 16.015
12324 20.0 -11.097 15.690
12336 20.0 -10.915 15.834
12348 20.0 -10.764 16.092
12360 20.0 -10.981 16.025
12372 20.0 -9.855 14.451
12384 20.0 -9.174 14.180
12396 20.0 -8.755 14.185
12408 21.0 -14.547 17.292
12420 21.0 -14.543 17.291
12432 21.0 -14.540 17.289
12444 21.0 -14.536 17.288
12456 21.0 -14.533 17.287
12468 21.0 -14.530 17.286
12480 21.0 -14.526 17.285
12492 21.0 -14.523 17.283
12504 21.0 -14.568 17.349
12516 21.0 -14.550 17.291
12528 21.0 -14.544 17.357
12540 21.0 -14.541 17.373
12552 21.0 -14.534 17.381
12564 21.0 -14.593 17.415
12576 21.0 -14.597 17.478
12588 21.0 -14.539 17.444
12600 21.0 -14.604 17.410
12612 21.0 -14.581 17.376
12624 21.0 -14.583 17.341
12636 21.0 -14.506 17.375
