504 10.0 4.086 16.706
516 10.0 4.767 16.706
528 10.0 5.447 16.706
540 10.0 6.083 16.706
552 10.0 6.719 16.706
564 10.0 7.309 16.706
576 10.0 7.899 16.706
588 10.0 8.580 16.524
600 10.0 8.040 16.138
612 10.0 8.040 15.932
624 10.0 7.925 15.967
636 10.0 7.707 15.946
648 10.0 8.565 16.125
660 10.0 9.105 16.621
672 10.0 9.692 16.132
684 10.0 9.657 16.316
696 10.0 9.393 16.518
708 10.0 9.139 16.952
720 10.0 10.324 16.431
732 10.0 9.913 17.351
504 11.0 -11.258 15.208
516 11.0 -11.780 15.208
528 11.0 -12.370 15.208
540 11.0 -12.892 15.208
552 11.0 -13.483 15.208
564 11.0 -14.027 15.208
576 11.0 -14.527 15.208
588 11.0 -15.139 15.208
600 11.0 -13.535 15.116
612 11.0 -13.784 15.962
624 11.0 -14.544 15.611
636 11.0 -15.311 16.008
648 11.0 -16.120 16.389
660 11.0 -16.079 16.169
672 11.0 -17.779 15.839
684 11.0 -17.882 15.903
696 11.0 -16.410 15.663
708 11.0 -17.541 15.917
720 11.0 -17.816 15.289
732 11.0 -17.483 15.489
504 13.0 -20.360 17.296
516 13.0 -21.041 17.296
528 13.0 -21.631 17.296
540 13.0 -22.312 17.455
552 13.0 -22.993 17.455
564 13.0 -23.583 17.455
576 13.0 -24.309 17.296
588 13.0 -24.990 17.114
600 13.0 -24.856 16.975
612 13.0 -24.724 17.002
624 13.0 -24.834 16.900
636 13.0 -24.513 17.193
648 13.0 -24.310 17.132
660 13.0 -24.395 17.485
672 13.0 -26.339 17.765
684 13.0 -25.856 17.792
696 13.0 -24.972 17.263
708 13.0 -26.814 17.249
720 13.0 -26.998 17.357
732 13.0 -26.138 16.861
504 16.0 -0.545 -0.182
516 16.0 -0.840 -0.182
528 16.0 -1.180 -0.182
540 16.0 -1.521 -0.182
552 16.0 -1.816 -0.182
564 16.0 -2.134 -0.182
576 16.0 -2.451 -0.182
588 16.0 -2.815 -0.340
600 16.0 -2.526 -0.003
612 16.0 -3.285 0.322
624 16.0 -3.462 0.418
636 16.0 -3.401 0.815
648 16.0 -4.119 1.456
660 16.0 -4.635 1.592
672 16.0 -5.134 1.530
684 16.0 -5.572 1.894
696 16.0 -5.826 1.722
708 16.0 -6.265 1.756
720 16.0 -5.727 2.720
732 16.0 -6.874 2.425
504 28.0 7.173 12.053
516 28.0 6.946 12.552
528 28.0 6.809 12.870
540 28.0 6.582 13.369
552 28.0 6.446 13.710
564 28.0 6.219 14.209
576 28.0 6.060 14.549
588 28.0 5.765 14.867
600 28.0 5.421 14.464
612 28.0 5.572 14.574
624 28.0 4.943 14.855
636 28.0 5.106 15.160
648 28.0 4.663 15.838
660 28.0 4.246 15.789
672 28.0 4.123 15.811
684 28.0 4.413 15.914
696 28.0 4.032 16.058
708 28.0 4.245 17.008
720 28.0 3.933 16.346
732 28.0 4.131 16.674
516 14.0 7.967 10.055
528 14.0 7.967 10.373
540 14.0 7.967 10.713
552 14.0 7.967 11.213
564 14.0 7.967 11.712
576 14.0 7.967 12.053
588 14.0 7.967 12.552
600 14.0 8.103 13.051
612 14.0 8.089 13.526
624 14.0 8.153 14.300
636 14.0 8.176 14.071
648 14.0 8.368 14.800
660 14.0 8.292 14.284
672 14.0 8.329 15.223
684 14.0 8.430 15.539
696 14.0 8.437 17.179
708 14.0 8.387 17.513
720 14.0 8.568 18.385
732 14.0 8.377 17.747
744 14.0 8.056 17.745
516 26.0 8.239 23.197
528 26.0 8.012 22.879
540 26.0 7.853 22.380
552 26.0 7.626 22.017
564 26.0 7.400 21.518
576 26.0 7.195 21.200
588 26.0 7.036 20.700
600 26.0 6.809 20.383
612 26.0 7.359 20.168
624 26.0 7.686 20.574
636 26.0 7.525 19.456
648 26.0 7.353 19.107
660 26.0 7.431 18.034
672 26.0 7.456 17.333
684 26.0 7.807 16.962
696 26.0 7.567 16.812
708 26.0 7.417 15.698
720 26.0 7.709 16.125
732 26.0 7.524 14.280
744 26.0 7.464 15.504
696 20.0 -31.255 10.804
708 20.0 -28.940 11.122
720 20.0 -26.557 11.621
732 20.0 -24.173 11.962
744 20.0 -21.767 12.121
756 20.0 -19.316 11.803
768 20.0 -17.137 11.803
780 20.0 -15.366 11.803
792 20.0 -25.213 10.567
804 20.0 -23.993 10.372
816 20.0 -26.172 11.579
828 20.0 -27.425 11.561
840 20.0 -27.357 11.144
852 20.0 -26.107 10.748
864 20.0 -27.043 12.059
876 20.0 -26.533 11.021
888 20.0 -24.823 10.522
900 20.0 -25.225 11.158
912 20.0 -25.872 10.552
924 20.0 -23.684 9.933
744 12.0 -18.567 18.045
756 12.0 -18.249 18.204
768 12.0 -18.521 18.204
780 12.0 -18.748 18.204
792 12.0 -19.066 18.204
804 12.0 -19.656 18.204
816 12.0 -20.473 18.363
828 12.0 -21.835 18.544
840 12.0 -20.699 18.608
852 12.0 -21.023 18.793
864 12.0 -21.433 18.829
876 12.0 -21.980 19.955
888 12.0 -22.541 19.316
900 12.0 -23.034 19.909
912 12.0 -23.196 20.174
924 12.0 -23.048 20.598
936 12.0 -23.409 20.232
948 12.0 -24.218 21.194
960 12.0 -25.746 21.727
972 12.0 -25.238 21.276
744 17.0 -6.106 -4.676
756 17.0 -6.174 -5.334
768 17.0 -6.265 -5.833
780 17.0 -6.537 -6.174
792 17.0 -6.855 -6.333
804 17.0 -7.218 -6.673
816 17.0 -7.218 -7.173
828 17.0 -7.309 -7.831
840 17.0 -7.048 -8.343
852 17.0 -7.084 -8.685
864 17.0 -6.482 -9.173
876 17.0 -6.805 -9.234
888 17.0 -6.717 -9.771
900 17.0 -6.647 -10.053
912 17.0 -6.738 -9.655
924 17.0 -6.526 -11.089
936 17.0 -6.975 -11.546
948 17.0 -6.686 -12.018
960 17.0 -6.284 -10.921
972 17.0 -6.062 -11.370
744 29.0 4.403 20.360
756 29.0 4.630 20.700
768 29.0 4.630 21.041
780 29.0 4.358 21.200
792 29.0 4.131 21.200
804 29.0 3.813 21.359
816 29.0 3.450 21.540
828 29.0 2.928 21.858
840 29.0 3.312 22.089
852 29.0 3.206 22.352
864 29.0 3.516 22.172
876 29.0 3.410 21.864
888 29.0 3.148 22.328
900 29.0 2.800 22.630
912 29.0 2.683 22.407
924 29.0 2.218 22.956
936 29.0 1.893 23.099
948 29.0 1.514 23.077
960 29.0 1.381 23.581
972 29.0 1.755 23.790
744 31.0 -10.713 -8.648
756 31.0 -10.623 -8.648
768 31.0 -10.486 -8.512
780 31.0 -10.305 -8.330
792 31.0 -10.078 -8.012
804 31.0 -9.715 -7.649
816 31.0 -9.352 -7.150
828 31.0 -9.034 -6.650
840 31.0 -9.891 -7.287
852 31.0 -9.615 -7.523
864 31.0 -9.827 -6.769
876 31.0 -9.619 -7.281
888 31.0 -9.736 -7.137
900 31.0 -9.681 -6.380
912 31.0 -9.637 -5.896
924 31.0 -9.934 -5.782
936 31.0 -9.986 -5.963
948 31.0 -10.070 -5.135
960 31.0 -10.145 -5.636
972 31.0 -10.000 -4.738
756 27.0 7.853 18.204
768 27.0 7.922 18.204
780 27.0 7.490 18.204
792 27.0 7.104 18.204
804 27.0 6.650 18.204
816 27.0 6.287 18.204
828 27.0 5.765 18.204
840 27.0 5.175 18.204
852 27.0 5.819 18.576
864 27.0 4.990 18.675
876 27.0 4.507 18.488
888 27.0 4.086 18.792
900 27.0 3.750 18.652
912 27.0 3.154 19.149
924 27.0 2.674 19.541
936 27.0 3.075 19.153
948 27.0 2.067 19.595
960 27.0 1.349 19.406
972 27.0 2.492 19.105
984 27.0 2.335 18.892
780 30.0 -9.215 -8.489
792 30.0 -9.056 -8.171
804 30.0 -8.988 -7.831
816 30.0 -8.829 -7.331
828 30.0 -8.602 -7.173
840 30.0 -8.307 -6.991
852 30.0 -8.012 -6.673
864 30.0 -7.717 -6.333
876 30.0 -8.848 -6.087
888 30.0 -8.281 -5.508
900 30.0 -9.049 -5.033
912 30.0 -8.508 -4.651
924 30.0 -8.222 -4.598
936 30.0 -8.292 -4.248
948 30.0 -8.543 -4.798
960 30.0 -7.784 -2.729
972 30.0 -8.161 -3.087
984 30.0 -7.629 -3.169
996 30.0 -7.690 -0.392
1008 30.0 -7.562 -2.065
