0 3.0 40.391 7.389
12 3.0 40.391 7.389
24 3.0 40.391 7.389
36 3.0 40.391 7.389
48 3.0 40.391 7.389
60 3.0 40.391 7.389
72 3.0 40.391 7.389
84 3.0 40.391 7.498
96 3.0 40.454 7.440
108 3.0 40.503 7.402
120 3.0 40.561 7.445
132 3.0 40.507 7.509
144 3.0 40.459 7.509
156 3.0 40.494 7.479
168 3.0 40.497 7.531
180 3.0 40.496 7.499
192 3.0 40.490 7.472
204 3.0 40.499 7.556
216 3.0 40.449 7.553
228 3.0 40.486 7.535
0 5.0 40.500 5.526
12 5.0 40.500 5.526
24 5.0 40.500 5.526
36 5.0 40.500 5.526
48 5.0 40.500 5.526
60 5.0 40.500 5.526
72 5.0 40.500 5.526
84 5.0 40.500 5.526
96 5.0 40.512 5.520
108 5.0 40.466 5.483
120 5.0 40.446 5.597
132 5.0 40.422 5.591
144 5.0 40.423 5.580
156 5.0 40.450 5.555
168 5.0 40.445 5.518
180 5.0 40.453 5.524
192 5.0 40.467 5.524
204 5.0 40.555 5.509
216 5.0 40.561 5.511
228 5.0 40.521 5.572
0 7.0 45.028 7.541
12 7.0 45.028 7.541
24 7.0 45.028 7.541
36 7.0 45.028 7.541
48 7.0 45.028 7.541
60 7.0 45.028 7.541
72 7.0 45.028 7.541
84 7.0 45.028 7.541
96 7.0 45.018 7.550
108 7.0 45.032 7.555
120 7.0 45.021 7.577
132 7.0 45.059 7.614
144 7.0 45.094 7.567
156 7.0 45.094 7.509
168 7.0 45.120 7.495
180 7.0 45.166 7.583
192 7.0 45.185 7.574
204 7.0 45.118 7.568
216 7.0 45.126 7.572
228 7.0 45.047 7.562
0 9.0 44.552 6.869
12 9.0 44.552 6.869
24 9.0 44.552 6.869
36 9.0 44.552 6.869
48 9.0 44.552 6.869
60 9.0 44.552 6.869
72 9.0 44.552 6.869
84 9.0 44.552 6.869
96 9.0 44.553 6.863
108 9.0 44.588 6.887
120 9.0 44.614 6.887
132 9.0 44.581 6.880
144 9.0 44.565 6.789
156 9.0 44.560 6.765
168 9.0 44.592 6.727
180 9.0 44.570 6.741
192 9.0 44.601 6.741
204 9.0 44.580 6.791
216 9.0 44.599 6.752
228 9.0 44.627 6.758
0 11.0 47.889 6.414
12 11.0 47.889 6.414
24 11.0 47.889 6.414
36 11.0 47.889 6.414
48 11.0 47.889 6.414
60 11.0 47.889 6.414
72 11.0 47.889 6.414
84 11.0 47.889 6.414
96 11.0 47.849 6.380
108 11.0 47.885 6.416
120 11.0 47.853 6.381
132 11.0 47.944 6.364
144 11.0 47.910 6.398
156 11.0 47.896 6.406
168 11.0 47.882 6.418
180 11.0 47.869 6.425
192 11.0 47.861 6.411
204 11.0 47.839 6.463
216 11.0 47.835 6.418
228 11.0 47.826 6.434
0 13.0 52.483 3.922
12 13.0 52.483 3.922
24 13.0 52.483 3.922
36 13.0 52.483 3.922
48 13.0 52.483 3.922
60 13.0 52.483 3.922
72 13.0 52.483 3.922
84 13.0 52.483 3.922
96 13.0 52.408 3.895
108 13.0 52.434 3.940
120 13.0 52.411 3.952
132 13.0 52.423 3.926
144 13.0 52.403 3.945
156 13.0 52.424 3.935
168 13.0 52.355 3.909
180 13.0 52.320 3.883
192 13.0 52.341 3.909
204 13.0 52.357 3.952
216 13.0 52.401 3.940
228 13.0 52.340 3.991
0 15.0 51.182 6.111
12 15.0 51.182 6.024
24 15.0 51.182 6.024
36 15.0 51.182 5.916
48 15.0 51.312 5.916
60 15.0 51.312 5.829
72 15.0 51.312 5.829
84 15.0 51.312 5.829
96 15.0 51.241 5.932
108 15.0 51.276 5.978
120 15.0 51.286 6.147
132 15.0 51.270 6.084
144 15.0 51.311 6.003
156 15.0 51.291 6.063
168 15.0 51.229 6.106
180 15.0 51.179 6.097
192 15.0 51.173 6.038
204 15.0 51.243 6.055
216 15.0 51.190 6.054
228 15.0 51.192 6.035
0 17.0 50.467 5.396
12 17.0 50.706 5.179
24 17.0 51.052 4.984
36 17.0 51.312 4.897
48 17.0 51.529 4.897
60 17.0 51.659 4.897
72 17.0 51.789 4.897
84 17.0 52.006 4.897
96 17.0 52.317 4.708
108 17.0 52.437 4.438
120 17.0 52.523 4.146
132 17.0 52.878 4.145
144 17.0 53.352 3.495
156 17.0 53.400 3.753
168 17.0 54.109 3.391
180 17.0 53.645 3.702
192 17.0 53.719 3.778
204 17.0 53.251 3.746
216 17.0 54.289 4.044
228 17.0 54.755 3.404
0 19.0 46.632 9.253
12 19.0 46.415 9.751
24 19.0 46.155 10.249
36 19.0 45.938 10.726
48 19.0 45.808 11.225
60 19.0 45.678 11.723
72 19.0 45.570 12.200
84 19.0 45.570 12.698
96 19.0 45.504 12.869
108 19.0 45.606 13.013
120 19.0 45.463 13.248
132 19.0 45.513 13.446
144 19.0 45.657 12.801
156 19.0 45.937 12.934
168 19.0 45.559 14.538
180 19.0 45.587 14.536
192 19.0 45.203 14.555
204 19.0 45.379 14.014
216 19.0 45.735 15.266
228 19.0 45.704 16.067
0 21.0 46.762 12.806
12 21.0 46.762 12.698
24 21.0 46.762 12.698
36 21.0 46.762 12.698
48 21.0 46.762 12.698
60 21.0 46.762 12.611
72 21.0 46.762 12.611
84 21.0 46.762 12.611
96 21.0 46.730 12.548
108 21.0 46.772 12.464
120 21.0 46.822 12.484
132 21.0 46.702 12.433
144 21.0 46.657 12.594
156 21.0 46.704 12.549
168 21.0 46.770 12.654
180 21.0 46.771 12.714
192 21.0 46.793 12.683
204 21.0 46.814 12.707
216 21.0 46.838 12.715
228 21.0 46.848 12.690
0 23.0 47.130 11.615
12 23.0 47.130 11.615
24 23.0 47.130 11.615
36 23.0 47.130 11.615
48 23.0 47.130 11.615
60 23.0 47.130 11.615
72 23.0 47.130 11.615
84 23.0 47.130 11.615
96 23.0 47.157 11.525
108 23.0 47.182 11.517
120 23.0 47.271 11.476
132 23.0 47.165 11.585
144 23.0 47.157 11.538
156 23.0 47.174 11.603
168 23.0 47.168 11.644
180 23.0 47.145 11.665
192 23.0 47.065 11.730
204 23.0 47.112 11.642
216 23.0 47.107 11.614
228 23.0 47.076 11.580
0 25.0 52.006 9.209
12 25.0 52.266 9.318
24 25.0 52.613 9.404
36 25.0 52.959 9.513
48 25.0 52.962 9.515
60 25.0 52.965 9.517
72 25.0 52.968 9.521
84 25.0 52.972 9.523
96 25.0 52.667 9.512
108 25.0 52.648 9.610
120 25.0 52.787 9.747
132 25.0 52.866 9.516
144 25.0 53.160 9.578
156 25.0 53.206 9.347
168 25.0 53.538 9.343
180 25.0 53.531 9.516
192 25.0 53.601 9.279
204 25.0 53.775 8.714
216 25.0 53.956 9.002
228 25.0 54.139 9.003
0 27.0 53.393 -1.950
12 27.0 53.393 -1.950
24 27.0 53.393 -1.950
36 27.0 53.393 -1.820
48 27.0 53.393 -1.820
60 27.0 53.436 -1.734
72 27.0 53.436 -1.734
84 27.0 53.501 -1.647
96 27.0 53.360 -1.793
108 27.0 53.397 -1.787
120 27.0 53.492 -1.883
132 27.0 53.523 -1.807
144 27.0 53.551 -1.826
156 27.0 53.560 -1.855
168 27.0 53.528 -1.839
180 27.0 53.464 -1.999
192 27.0 53.514 -1.950
204 27.0 53.517 -1.937
216 27.0 53.479 -1.949
228 27.0 53.444 -1.986
0 29.0 11.961 -22.124
12 29.0 12.221 -22.319
24 29.0 12.438 -22.471
36 29.0 12.698 -22.601
48 29.0 13.045 -22.774
60 29.0 13.305 -22.904
72 29.0 13.522 -23.056
84 29.0 13.653 -23.099
96 29.0 13.903 -23.565
108 29.0 13.937 -23.352
120 29.0 14.121 -23.433
132 29.0 14.540 -23.578
144 29.0 14.464 -23.690
156 29.0 15.564 -24.293
168 29.0 14.499 -23.731
180 29.0 15.424 -24.156
192 29.0 16.322 -24.456
204 29.0 16.940 -24.638
216 29.0 16.465 -24.220
228 29.0 17.001 -24.687
60 1.0 -13.391 -22.601
72 1.0 -11.355 -21.431
84 1.0 -9.318 -20.261
96 1.0 -7.302 -18.982
108 1.0 -5.287 -17.790
120 1.0 -3.380 -16.230
132 1.0 -1.560 -14.562
144 1.0 0.347 -12.980
156 1.0 -7.716 -21.635
168 1.0 -9.549 -21.471
180 1.0 -8.667 -21.013
192 1.0 -9.252 -22.109
204 1.0 -8.182 -22.313
216 1.0 -9.361 -21.619
228 1.0 -10.036 -21.920
240 1.0 -8.876 -22.042
252 1.0 -9.794 -22.541
264 1.0 -9.904 -21.902
276 1.0 -8.821 -22.094
288 1.0 -9.350 -21.470
240 4.0 40.391 7.693
252 4.0 40.391 7.693
264 4.0 40.391 7.693
276 4.0 40.391 7.693
288 4.0 40.391 7.693
300 4.0 40.391 7.693
312 4.0 40.391 7.693
324 4.0 40.391 7.693
336 4.0 40.416 7.754
348 4.0 40.430 7.700
360 4.0 40.465 7.712
372 4.0 40.461 7.682
384 4.0 40.434 7.661
396 4.0 40.489 7.672
408 4.0 40.502 7.702
420 4.0 40.498 7.703
432 4.0 40.489 7.723
444 4.0 40.492 7.715
456 4.0 40.513 7.736
468 4.0 40.532 7.732
240 6.0 40.500 5.526
252 6.0 40.500 5.526
264 6.0 40.500 5.526
276 6.0 40.500 5.526
288 6.0 40.500 5.526
300 6.0 40.500 5.526
312 6.0 40.500 5.526
324 6.0 40.500 5.526
336 6.0 40.431 5.483
348 6.0 40.404 5.455
360 6.0 40.444 5.437
372 6.0 40.456 5.483
384 6.0 40.432 5.473
396 6.0 40.447 5.444
408 6.0 40.491 5.477
420 6.0 40.434 5.486
432 6.0 40.402 5.391
444 6.0 40.430 5.472
456 6.0 40.405 5.480
468 6.0 40.490 5.449
240 8.0 45.028 7.541
252 8.0 45.028 7.541
264 8.0 45.028 7.541
276 8.0 45.028 7.541
288 8.0 45.028 7.541
300 8.0 45.028 7.541
312 8.0 45.028 7.541
324 8.0 45.028 7.541
336 8.0 45.051 7.523
348 8.0 45.022 7.531
360 8.0 45.007 7.499
372 8.0 44.941 7.568
384 8.0 44.932 7.562
396 8.0 44.965 7.561
408 8.0 44.955 7.578
420 8.0 44.926 7.544
432 8.0 44.906 7.549
444 8.0 44.956 7.605
456 8.0 44.919 7.607
468 8.0 44.927 7.567
240 10.0 44.552 6.869
252 10.0 44.552 6.869
264 10.0 44.552 6.869
276 10.0 44.552 6.869
288 10.0 44.552 6.869
300 10.0 44.552 6.869
312 10.0 44.552 6.869
324 10.0 44.552 6.869
336 10.0 44.564 6.926
348 10.0 44.478 6.949
360 10.0 44.517 6.932
372 10.0 44.521 6.921
384 10.0 44.514 6.855
396 10.0 44.595 6.885
408 10.0 44.589 6.899
420 10.0 44.542 6.946
432 10.0 44.518 6.944
444 10.0 44.577 6.967
456 10.0 44.590 6.954
468 10.0 44.585 6.933
240 12.0 47.889 6.414
252 12.0 47.889 6.414
264 12.0 47.889 6.414
276 12.0 47.889 6.414
288 12.0 47.889 6.414
300 12.0 47.889 6.414
312 12.0 47.889 6.414
324 12.0 47.889 6.414
336 12.0 47.837 6.438
348 12.0 47.824 6.443
360 12.0 47.854 6.492
372 12.0 47.879 6.449
384 12.0 47.955 6.458
396 12.0 47.973 6.442
408 12.0 48.023 6.421
420 12.0 47.966 6.426
432 12.0 47.872 6.410
444 12.0 47.868 6.396
456 12.0 47.869 6.364
468 12.0 47.895 6.459
240 14.0 52.483 3.922
252 14.0 52.483 3.922
264 14.0 52.483 3.922
276 14.0 52.483 3.922
288 14.0 52.483 3.922
300 14.0 52.483 3.922
312 14.0 52.483 3.922
324 14.0 52.483 3.922
336 14.0 52.471 3.897
348 14.0 52.448 3.915
360 14.0 52.461 3.894
372 14.0 52.412 3.926
384 14.0 52.483 3.915
396 14.0 52.517 3.927
408 14.0 52.570 3.878
420 14.0 52.550 3.815
432 14.0 52.568 3.863
444 14.0 52.559 3.876
456 14.0 52.557 3.937
468 14.0 52.555 3.920
240 16.0 51.659 5.526
252 16.0 51.659 5.526
264 16.0 51.659 5.526
276 16.0 51.659 5.526
288 16.0 51.659 5.526
300 16.0 51.659 5.526
312 16.0 51.659 5.526
324 16.0 51.659 5.526
336 16.0 51.631 5.534
348 16.0 51.670 5.512
360 16.0 51.629 5.501
372 16.0 51.625 5.475
384 16.0 51.625 5.468
396 16.0 51.600 5.453
408 16.0 51.699 5.439
420 16.0 51.688 5.448
432 16.0 51.688 5.482
444 16.0 51.693 5.466
456 16.0 51.665 5.481
468 16.0 51.661 5.503
240 18.0 53.089 5.396
252 18.0 53.089 5.396
264 18.0 52.959 5.396
276 18.0 52.851 5.396
288 18.0 52.851 5.287
300 18.0 52.743 5.287
312 18.0 52.613 5.287
324 18.0 52.483 5.287
336 18.0 52.479 5.261
348 18.0 52.496 5.356
360 18.0 52.363 5.454
372 18.0 52.208 5.447
384 18.0 52.005 5.583
396 18.0 51.851 5.562
408 18.0 52.239 5.872
420 18.0 51.791 5.969
432 18.0 52.029 5.825
444 18.0 51.567 6.151
456 18.0 51.457 6.056
468 18.0 51.200 6.262
240 20.0 46.153 18.568
252 20.0 46.132 18.283
264 20.0 46.111 17.998
276 20.0 46.090 17.713
288 20.0 46.068 17.428
300 20.0 46.047 17.142
312 20.0 46.026 16.857
324 20.0 46.004 16.572
336 20.0 45.948 16.131
348 20.0 46.166 15.902
360 20.0 46.134 14.817
372 20.0 46.107 14.421
384 20.0 46.099 14.154
396 20.0 45.980 13.099
408 20.0 46.031 12.376
420 20.0 46.128 12.647
432 20.0 46.069 12.454
444 20.0 45.791 11.932
456 20.0 45.892 11.834
468 20.0 45.773 9.388
240 22.0 46.892 12.308
252 22.0 46.892 12.308
264 22.0 46.892 12.308
276 22.0 46.892 12.200
288 22.0 46.892 12.200
300 22.0 46.892 12.200
312 22.0 46.892 12.200
324 22.0 46.892 12.200
336 22.0 46.943 12.199
348 22.0 46.909 12.276
360 22.0 46.897 12.255
372 22.0 46.923 12.294
384 22.0 46.940 12.259
396 22.0 46.981 12.246
408 22.0 47.076 12.199
420 22.0 47.058 12.182
432 22.0 47.015 12.182
444 22.0 47.023 12.191
456 22.0 46.975 12.281
468 22.0 46.981 12.302
240 24.0 47.130 11.615
252 24.0 47.130 11.615
264 24.0 47.130 11.615
276 24.0 47.130 11.615
288 24.0 47.130 11.615
300 24.0 47.130 11.615
312 24.0 47.130 11.615
324 24.0 47.130 11.615
336 24.0 47.138 11.654
348 24.0 47.173 11.641
360 24.0 47.155 11.673
372 24.0 47.143 11.656
384 24.0 47.149 11.632
396 24.0 47.173 11.605
408 24.0 47.163 11.673
420 24.0 47.202 11.643
432 24.0 47.201 11.715
444 24.0 47.188 11.663
456 24.0 47.185 11.645
468 24.0 47.227 11.666
240 26.0 53.015 9.559
252 26.0 53.018 9.562
264 26.0 53.022 9.565
276 26.0 53.025 9.567
288 26.0 53.028 9.570
300 26.0 53.032 9.573
312 26.0 53.035 9.576
324 26.0 53.038 9.579
336 26.0 53.092 9.537
348 26.0 53.103 9.641
360 26.0 53.072 9.762
372 26.0 53.110 9.625
384 26.0 53.071 9.634
396 26.0 53.066 9.632
408 26.0 53.126 9.656
420 26.0 53.200 9.673
432 26.0 53.198 9.611
444 26.0 53.217 9.546
456 26.0 53.177 9.545
468 26.0 53.082 9.509
240 28.0 53.804 -1.040
252 28.0 53.848 -0.953
264 28.0 53.848 -0.953
276 28.0 53.848 -0.867
288 28.0 53.848 -0.867
300 28.0 53.978 -0.737
312 28.0 53.978 -0.737
324 28.0 53.978 -0.650
336 28.0 53.972 -0.646
348 28.0 54.048 -0.611
360 28.0 54.054 -0.281
372 28.0 54.167 -0.045
384 28.0 54.129 0.035
396 28.0 54.337 0.228
408 28.0 53.924 0.335
420 28.0 54.084 0.642
432 28.0 54.499 1.022
444 28.0 54.254 1.222
456 28.0 54.360 0.883
468 28.0 54.139 0.279
240 30.0 13.700 -23.099
252 30.0 13.704 -23.099
264 30.0 13.707 -23.099
276 30.0 13.711 -23.099
288 30.0 13.715 -23.099
300 30.0 13.719 -23.099
312 30.0 13.722 -23.099
324 30.0 13.726 -23.099
336 30.0 13.818 -23.160
348 30.0 13.824 -23.190
360 30.0 13.776 -23.215
372 30.0 13.796 -23.173
384 30.0 13.775 -23.177
396 30.0 13.702 -23.124
408 30.0 13.778 -23.127
420 30.0 13.775 -23.160
432 30.0 13.781 -23.150
444 30.0 13.769 -23.142
456 30.0 13.761 -23.138
468 30.0 13.743 -23.093
276 0.0 -16.967 -22.861
288 0.0 -15.233 -22.861
300 0.0 -13.457 -22.861
312 0.0 -11.680 -22.861
324 0.0 -9.859 -22.753
336 0.0 -7.823 -22.666
348 0.0 -5.829 -22.666
360 0.0 -3.792 -22.558
372 0.0 -11.688 -22.619
384 0.0 -10.926 -22.476
396 0.0 -10.905 -24.162
408 0.0 -10.098 -23.806
420 0.0 -12.905 -22.061
432 0.0 -12.782 -22.984
444 0.0 -13.103 -22.580
456 0.0 -13.462 -22.088
468 0.0 -13.659 -23.025
480 0.0 -12.578 -22.401
492 0.0 -13.409 -22.007
504 0.0 -11.529 -23.355
