0 1.0 20.467 11.255
12 1.0 20.334 11.255
24 1.0 20.334 11.255
36 1.0 20.201 11.255
48 1.0 20.201 11.255
60 1.0 20.090 11.255
72 1.0 19.979 11.255
84 1.0 19.979 11.255
96 1.0 20.206 11.314
108 1.0 20.000 11.359
120 1.0 20.223 11.294
132 1.0 20.187 11.391
144 1.0 20.106 11.358
156 1.0 20.178 11.526
168 1.0 20.256 11.592
180 1.0 20.102 11.507
192 1.0 20.239 11.456
204 1.0 20.214 11.431
216 1.0 20.420 11.384
228 1.0 20.499 11.392
0 3.0 -25.906 13.519
12 3.0 -23.486 13.807
24 3.0 -21.310 14.429
36 3.0 -18.735 14.829
48 3.0 -16.538 15.517
60 3.0 -14.340 16.227
72 3.0 -12.120 17.337
84 3.0 -9.923 18.536
96 3.0 -21.036 14.904
108 3.0 -21.704 14.386
120 3.0 -20.041 13.653
132 3.0 -20.222 13.337
144 3.0 -20.470 13.506
156 3.0 -20.543 13.925
168 3.0 -21.573 14.022
180 3.0 -20.674 13.564
192 3.0 -22.001 14.479
204 3.0 -18.225 12.588
216 3.0 -21.636 14.584
228 3.0 -20.872 13.879
0 5.0 5.372 11.565
12 5.0 2.908 11.255
24 5.0 1.066 11.166
36 5.0 -0.755 11.033
48 5.0 -2.575 10.855
60 5.0 -4.440 10.744
72 5.0 -6.260 10.744
84 5.0 -8.080 10.633
96 5.0 -0.757 11.897
108 5.0 -1.328 11.211
120 5.0 -1.124 11.311
132 5.0 0.388 11.845
144 5.0 -1.745 11.903
156 5.0 -0.253 11.842
168 5.0 -1.296 12.084
180 5.0 -1.049 12.210
192 5.0 -0.601 12.479
204 5.0 -1.778 12.869
216 5.0 -1.934 13.290
228 5.0 -1.593 13.044
0 7.0 12.143 16.782
12 7.0 12.387 16.582
24 7.0 12.764 16.382
36 7.0 12.986 16.294
48 7.0 13.363 16.072
60 7.0 13.608 15.983
72 7.0 13.985 15.783
84 7.0 14.340 15.672
96 7.0 15.101 15.260
108 7.0 14.431 15.533
120 7.0 15.094 15.294
132 7.0 15.595 15.068
144 7.0 16.371 14.508
156 7.0 16.386 14.557
168 7.0 16.777 14.728
180 7.0 15.487 15.015
192 7.0 16.645 14.493
204 7.0 18.309 13.649
216 7.0 18.620 13.639
228 7.0 19.157 13.148
0 9.0 12.098 4.706
12 9.0 13.075 5.217
24 9.0 14.163 5.705
36 9.0 15.250 6.216
48 9.0 16.360 6.815
60 9.0 17.470 7.325
72 9.0 18.558 7.836
84 9.0 19.646 8.324
96 9.0 16.180 6.100
108 9.0 15.832 5.850
120 9.0 16.649 5.761
132 9.0 16.326 5.346
144 9.0 16.294 6.105
156 9.0 15.680 6.658
168 9.0 16.063 5.983
180 9.0 16.939 6.397
192 9.0 14.889 7.039
204 9.0 16.607 6.279
216 9.0 15.995 6.284
228 9.0 16.140 6.538
192 0.0 -30.478 13.608
204 0.0 -28.747 13.918
216 0.0 -27.060 14.207
228 0.0 -25.328 14.518
240 0.0 -23.508 14.829
252 0.0 -21.777 15.228
264 0.0 -19.823 15.428
276 0.0 -17.870 15.539
288 0.0 -25.391 13.898
300 0.0 -26.374 15.129
312 0.0 -27.525 16.493
324 0.0 -25.840 15.109
336 0.0 -25.482 14.948
348 0.0 -25.586 14.559
360 0.0 -26.203 14.664
372 0.0 -25.916 15.186
384 0.0 -25.968 14.641
396 0.0 -26.021 14.845
408 0.0 -25.479 14.199
420 0.0 -24.977 14.349
240 2.0 19.601 11.055
252 2.0 19.601 11.055
264 2.0 19.601 11.144
276 2.0 19.601 11.144
288 2.0 19.490 11.144
300 2.0 19.490 11.144
312 2.0 19.490 11.255
324 2.0 19.490 11.255
336 2.0 19.553 11.217
348 2.0 19.518 11.284
360 2.0 19.554 11.312
372 2.0 19.551 11.355
384 2.0 19.632 11.365
396 2.0 19.583 11.366
408 2.0 19.521 11.363
420 2.0 19.652 11.399
432 2.0 19.716 11.500
444 2.0 19.792 11.742
456 2.0 19.739 11.894
468 2.0 19.675 12.032
240 4.0 -6.435 21.047
252 4.0 -6.767 20.840
264 4.0 -7.099 20.633
276 4.0 -7.431 20.427
288 4.0 -7.763 20.220
300 4.0 -8.095 20.013
312 4.0 -8.427 19.806
324 4.0 -8.759 19.599
336 4.0 -8.247 20.197
348 4.0 -7.644 19.958
360 4.0 -7.525 19.990
372 4.0 -7.879 19.990
384 4.0 -8.322 20.092
396 4.0 -8.103 20.223
408 4.0 -8.314 20.693
420 4.0 -7.889 20.658
432 4.0 -8.102 21.035
444 4.0 -8.377 20.883
456 4.0 -8.526 21.100
468 4.0 -8.238 20.935
240 6.0 -29.259 8.520
252 6.0 -27.797 8.646
264 6.0 -26.335 8.772
276 6.0 -24.873 8.899
288 6.0 -23.410 9.025
300 6.0 -21.948 9.152
312 6.0 -20.486 9.278
324 6.0 -19.024 9.405
336 6.0 -21.956 8.240
348 6.0 -23.089 7.815
360 6.0 -20.998 7.424
372 6.0 -25.667 9.067
384 6.0 -23.628 8.440
396 6.0 -26.070 9.724
408 6.0 -25.689 9.678
420 6.0 -23.816 8.512
432 6.0 -24.873 9.192
444 6.0 -24.451 8.997
456 6.0 -26.088 9.311
468 6.0 -26.094 10.151
240 8.0 19.246 13.452
252 8.0 19.601 13.363
264 8.0 19.956 13.164
276 8.0 20.445 13.053
288 8.0 20.822 12.964
300 8.0 21.310 12.875
312 8.0 21.799 12.764
324 8.0 22.287 12.653
336 8.0 21.689 12.225
348 8.0 22.767 12.191
360 8.0 22.415 12.059
372 8.0 23.425 11.839
384 8.0 23.784 11.724
396 8.0 23.954 11.213
408 8.0 24.920 10.797
420 8.0 26.065 10.904
432 8.0 25.029 10.920
444 8.0 25.079 11.616
456 8.0 24.539 10.681
468 8.0 24.606 10.854
240 10.0 34.829 13.252
252 10.0 36.161 13.474
264 10.0 37.515 13.763
276 10.0 38.736 14.052
288 10.0 40.068 14.362
300 10.0 41.444 14.673
312 10.0 42.776 14.873
324 10.0 44.241 15.073
336 10.0 39.921 13.113
348 10.0 39.668 13.627
360 10.0 42.191 12.560
372 10.0 40.569 13.739
384 10.0 40.820 12.953
396 10.0 40.145 14.218
408 10.0 40.514 13.027
420 10.0 42.186 13.440
432 10.0 39.703 13.436
444 10.0 41.550 13.339
456 10.0 38.452 14.398
468 10.0 39.097 13.788
276 11.0 54.386 -21.310
288 11.0 53.720 -21.111
300 11.0 53.720 -20.711
312 11.0 53.720 -20.289
324 11.0 53.587 -19.801
336 11.0 53.587 -19.401
348 11.0 53.587 -18.980
360 11.0 53.587 -18.580
372 11.0 53.691 -18.887
384 11.0 53.824 -18.041
396 11.0 53.925 -18.386
408 11.0 53.787 -18.050
420 11.0 53.724 -17.870
432 11.0 53.606 -17.377
444 11.0 53.808 -16.911
456 11.0 53.666 -16.483
468 11.0 53.495 -15.729
480 11.0 53.777 -16.132
492 11.0 53.721 -15.582
504 11.0 54.022 -15.423
