0 1.0 10.292 13.907
12 1.0 10.803 14.014
24 1.0 11.398 14.205
36 1.0 11.994 14.396
48 1.0 12.568 14.545
60 1.0 13.163 14.715
72 1.0 13.737 14.864
84 1.0 14.333 15.077
96 1.0 13.643 14.019
108 1.0 14.395 13.923
120 1.0 14.081 14.084
132 1.0 14.397 14.237
144 1.0 14.809 14.349
156 1.0 14.839 15.060
168 1.0 13.758 14.508
180 1.0 15.242 14.099
192 1.0 15.167 14.644
204 1.0 14.870 14.545
216 1.0 14.318 14.191
228 1.0 15.256 14.817
0 3.0 35.938 22.201
12 3.0 35.470 22.094
24 3.0 35.002 22.009
36 3.0 34.535 21.924
48 3.0 34.194 21.797
60 3.0 33.726 21.712
72 3.0 33.259 21.627
84 3.0 32.833 21.542
96 3.0 33.194 22.081
108 3.0 32.904 21.804
120 3.0 32.532 22.364
132 3.0 32.744 22.044
144 3.0 31.298 23.241
156 3.0 31.314 22.776
168 3.0 30.804 22.659
180 3.0 31.162 23.286
192 3.0 30.095 22.876
204 3.0 29.480 23.806
216 3.0 28.942 23.295
228 3.0 30.509 23.152
0 5.0 32.663 15.119
12 5.0 32.195 14.630
24 5.0 31.728 14.248
36 5.0 31.260 13.865
48 5.0 30.898 13.461
60 5.0 30.430 13.078
72 5.0 29.963 12.695
84 5.0 29.601 12.227
96 5.0 31.521 12.573
108 5.0 31.521 12.017
120 5.0 31.519 11.846
132 5.0 31.416 10.843
144 5.0 31.529 10.709
156 5.0 31.273 9.966
168 5.0 31.599 8.989
180 5.0 31.505 8.326
192 5.0 31.644 9.411
204 5.0 31.593 8.510
216 5.0 31.610 9.150
228 5.0 32.181 9.085
0 7.0 41.680 13.673
12 7.0 40.978 13.269
24 7.0 40.276 12.887
36 7.0 39.681 12.610
48 7.0 38.979 12.227
60 7.0 38.341 11.930
72 7.0 37.682 11.547
84 7.0 37.044 11.271
96 7.0 38.254 12.003
108 7.0 38.520 13.300
120 7.0 37.945 12.421
132 7.0 37.272 12.861
144 7.0 38.310 12.599
156 7.0 38.290 12.021
168 7.0 36.566 12.311
180 7.0 36.021 12.696
192 7.0 36.514 12.158
204 7.0 35.848 13.290
216 7.0 36.125 12.723
228 7.0 37.316 13.340
0 9.0 10.866 -16.693
12 9.0 11.334 -16.587
24 9.0 11.930 -16.502
36 9.0 12.504 -16.417
48 9.0 13.099 -16.310
60 9.0 13.673 -16.119
72 9.0 14.141 -16.034
84 9.0 14.737 -15.928
96 9.0 13.137 -15.972
108 9.0 12.994 -15.625
120 9.0 12.842 -15.501
132 9.0 12.831 -15.849
144 9.0 13.040 -15.904
156 9.0 13.253 -15.547
168 9.0 13.639 -15.799
180 9.0 13.680 -15.899
192 9.0 13.375 -15.861
204 9.0 14.146 -16.028
216 9.0 14.253 -15.908
228 9.0 14.926 -16.120
0 11.0 -25.731 13.907
12 11.0 -25.263 13.716
24 11.0 -24.753 13.610
36 11.0 -24.285 13.525
48 11.0 -23.753 13.440
60 11.0 -23.221 13.291
72 11.0 -22.690 13.184
84 11.0 -22.222 13.078
96 11.0 -22.143 13.003
108 11.0 -22.070 12.806
120 11.0 -20.767 12.974
132 11.0 -20.629 12.372
144 11.0 -19.709 12.161
156 11.0 -21.008 12.540
168 11.0 -20.992 12.174
180 11.0 -21.122 12.458
192 11.0 -20.325 11.714
204 11.0 -19.550 12.063
216 11.0 -19.032 11.253
228 11.0 -20.040 11.275
0 13.0 -26.092 5.338
12 13.0 -25.965 5.146
24 13.0 -25.731 4.934
36 13.0 -25.497 4.763
48 13.0 -25.263 4.551
60 13.0 -25.029 4.466
72 13.0 -24.923 4.551
84 13.0 -24.689 4.657
96 13.0 -24.413 4.524
108 13.0 -24.186 4.246
120 13.0 -24.015 3.909
132 13.0 -23.616 3.651
144 13.0 -23.955 3.749
156 13.0 -23.966 4.274
168 13.0 -24.065 4.154
180 13.0 -23.063 3.643
192 13.0 -22.409 3.186
204 13.0 -22.004 2.597
216 13.0 -21.857 2.748
228 13.0 -21.869 2.693
0 15.0 -20.797 11.079
12 15.0 -20.585 11.079
24 15.0 -20.329 11.164
36 15.0 -20.117 11.249
48 15.0 -19.862 11.356
60 15.0 -19.649 11.462
72 15.0 -19.394 11.547
84 15.0 -19.181 11.632
96 15.0 -18.960 11.402
108 15.0 -19.160 10.794
120 15.0 -18.400 10.548
132 15.0 -17.979 11.162
144 15.0 -17.872 11.205
156 15.0 -18.351 11.745
168 15.0 -17.692 11.575
180 15.0 -18.341 11.928
192 15.0 -17.607 11.645
204 15.0 -17.968 11.862
216 15.0 -17.477 11.715
228 15.0 -17.402 12.139
0 17.0 -23.115 -1.744
12 17.0 -23.200 -1.744
24 17.0 -23.200 -1.744
36 17.0 -23.200 -1.744
48 17.0 -23.200 -1.744
60 17.0 -23.200 -1.744
72 17.0 -23.200 -1.744
84 17.0 -23.200 -1.744
96 17.0 -23.128 -1.776
108 17.0 -23.125 -1.742
120 17.0 -23.132 -1.798
132 17.0 -23.131 -1.785
144 17.0 -23.133 -1.784
156 17.0 -23.099 -1.761
168 17.0 -23.129 -1.760
180 17.0 -23.166 -1.771
192 17.0 -23.170 -1.786
204 17.0 -23.191 -1.783
216 17.0 -23.195 -1.750
228 17.0 -23.185 -1.772
0 19.0 -7.507 -22.711
12 19.0 -7.166 -22.626
24 19.0 -6.699 -22.541
36 19.0 -6.231 -22.435
48 19.0 -5.827 -22.286
60 19.0 -5.359 -22.137
72 19.0 -4.955 -22.052
84 19.0 -4.529 -21.903
96 19.0 -5.526 -22.617
108 19.0 -5.384 -22.479
120 19.0 -5.873 -22.284
132 19.0 -5.598 -22.643
144 19.0 -5.216 -22.564
156 19.0 -5.085 -22.677
168 19.0 -4.247 -22.763
180 19.0 -4.382 -22.578
192 19.0 -4.376 -22.452
204 19.0 -4.411 -22.510
216 19.0 -4.108 -22.485
228 19.0 -4.163 -22.307
240 2.0 21.116 17.055
252 2.0 21.712 17.225
264 2.0 22.286 17.437
276 2.0 22.881 17.522
288 2.0 23.583 17.714
300 2.0 24.051 18.012
312 2.0 24.625 18.203
324 2.0 25.093 18.501
336 2.0 24.120 17.869
348 2.0 23.445 17.016
360 2.0 23.636 16.935
372 2.0 24.080 17.313
384 2.0 24.031 16.995
396 2.0 23.615 16.931
408 2.0 24.279 16.455
420 2.0 24.705 17.323
432 2.0 25.673 16.956
444 2.0 25.190 16.957
456 2.0 26.075 16.701
468 2.0 25.056 17.114
240 4.0 26.858 20.648
252 4.0 26.390 20.648
264 4.0 25.795 20.563
276 4.0 25.327 20.563
288 4.0 24.859 20.478
300 4.0 24.391 20.478
312 4.0 23.817 20.351
324 4.0 23.349 20.266
336 4.0 23.586 20.899
348 4.0 23.600 20.871
360 4.0 22.976 21.156
372 4.0 22.513 21.126
384 4.0 21.822 21.743
396 4.0 21.039 20.899
408 4.0 21.037 20.555
420 4.0 21.353 20.858
432 4.0 21.043 21.187
444 4.0 20.362 21.404
456 4.0 20.047 21.369
468 4.0 19.443 21.944
240 6.0 23.859 7.400
252 6.0 23.392 7.017
264 6.0 22.924 6.741
276 6.0 22.456 6.358
288 6.0 21.988 6.061
300 6.0 21.520 5.678
312 6.0 21.052 5.295
324 6.0 20.585 4.997
336 6.0 20.816 4.827
348 6.0 20.784 5.186
360 6.0 20.244 4.932
372 6.0 20.894 4.755
384 6.0 19.701 4.692
396 6.0 19.471 5.389
408 6.0 19.660 4.867
420 6.0 20.010 5.154
432 6.0 20.629 5.755
444 6.0 20.120 5.757
456 6.0 19.186 4.891
468 6.0 18.928 4.857
240 8.0 29.197 6.146
252 8.0 28.623 5.763
264 8.0 28.027 5.274
276 8.0 27.453 4.891
288 8.0 26.858 4.508
300 8.0 26.156 4.125
312 8.0 25.582 3.658
324 8.0 24.986 3.254
336 8.0 26.318 3.392
348 8.0 25.414 3.716
360 8.0 24.863 3.368
372 8.0 26.463 3.654
384 8.0 25.772 3.256
396 8.0 25.273 3.106
408 8.0 25.770 3.944
420 8.0 26.371 3.915
432 8.0 26.157 3.805
444 8.0 26.614 3.462
456 8.0 24.845 2.935
468 8.0 24.888 3.375
240 10.0 21.542 -14.758
252 10.0 22.116 -14.673
264 10.0 22.584 -14.588
276 10.0 23.051 -14.588
288 10.0 23.519 -14.482
300 10.0 24.093 -14.375
312 10.0 24.561 -14.375
324 10.0 25.050 -14.290
336 10.0 24.779 -15.193
348 10.0 24.986 -14.834
360 10.0 25.085 -14.485
372 10.0 25.573 -14.330
384 10.0 25.741 -14.290
396 10.0 24.771 -14.238
408 10.0 25.643 -14.941
420 10.0 26.258 -15.260
432 10.0 26.106 -14.798
444 10.0 25.880 -14.475
456 10.0 25.383 -14.516
468 10.0 25.704 -14.730
240 12.0 -19.543 14.248
252 12.0 -19.415 14.248
264 12.0 -19.075 14.354
276 12.0 -18.820 14.354
288 12.0 -18.479 14.439
300 12.0 -18.224 14.439
312 12.0 -17.884 14.524
324 12.0 -17.671 14.524
336 12.0 -17.571 14.232
348 12.0 -17.736 14.265
360 12.0 -17.262 13.814
372 12.0 -16.990 13.872
384 12.0 -16.716 14.028
396 12.0 -16.671 13.985
408 12.0 -15.922 13.855
420 12.0 -16.367 14.209
432 12.0 -16.980 14.353
444 12.0 -16.181 13.999
456 12.0 -16.310 14.373
468 12.0 -15.772 14.066
240 14.0 -21.520 6.592
252 14.0 -21.159 6.677
264 14.0 -20.819 6.869
276 14.0 -20.457 6.975
288 14.0 -20.117 7.166
300 14.0 -19.755 7.251
312 14.0 -19.415 7.443
324 14.0 -19.054 7.655
336 14.0 -19.110 6.879
348 14.0 -19.122 6.869
360 14.0 -19.588 6.713
372 14.0 -19.000 6.526
384 14.0 -19.407 6.283
396 14.0 -18.576 6.147
408 14.0 -18.499 6.225
420 14.0 -18.683 6.034
432 14.0 -17.943 6.117
444 14.0 -19.077 6.545
456 14.0 -18.267 6.199
468 14.0 -17.898 7.249
240 16.0 -15.906 12.695
252 16.0 -15.524 12.695
264 16.0 -15.311 12.695
276 16.0 -15.056 12.695
288 16.0 -14.843 12.802
300 16.0 -14.503 12.802
312 16.0 -14.248 12.802
324 16.0 -14.035 12.802
336 16.0 -13.925 12.656
348 16.0 -13.830 12.966
360 16.0 -13.427 12.469
372 16.0 -13.294 12.809
384 16.0 -13.328 12.528
396 16.0 -12.580 13.194
408 16.0 -13.552 13.288
420 16.0 -12.960 12.947
432 16.0 -12.791 12.919
444 16.0 -13.012 13.667
456 16.0 -12.048 12.769
468 16.0 -11.276 13.374
240 18.0 -23.392 -1.616
252 18.0 -23.392 -1.616
264 18.0 -23.392 -1.616
276 18.0 -23.392 -1.510
288 18.0 -23.392 -1.510
300 18.0 -23.392 -1.510
312 18.0 -23.392 -1.510
324 18.0 -23.392 -1.510
336 18.0 -23.381 -1.416
348 18.0 -23.400 -1.468
360 18.0 -23.363 -1.371
372 18.0 -23.320 -1.392
384 18.0 -23.330 -1.532
396 18.0 -23.360 -1.518
408 18.0 -23.393 -1.528
420 18.0 -23.434 -1.546
432 18.0 -23.385 -1.536
444 18.0 -23.379 -1.533
456 18.0 -23.364 -1.515
468 18.0 -23.430 -1.442
240 20.0 0.510 -20.457
252 20.0 0.851 -20.351
264 20.0 1.212 -20.181
276 20.0 1.552 -19.968
288 20.0 1.914 -19.777
300 20.0 2.148 -19.585
312 20.0 2.488 -19.394
324 20.0 2.850 -19.287
336 20.0 2.736 -20.272
348 20.0 3.175 -20.509
360 20.0 3.375 -20.404
372 20.0 3.166 -20.687
384 20.0 2.713 -20.567
396 20.0 3.685 -20.575
408 20.0 4.011 -20.430
420 20.0 4.287 -20.557
432 20.0 4.399 -20.248
444 20.0 4.119 -20.012
456 20.0 3.631 -20.172
468 20.0 4.263 -20.282
