0 0.0 -9.746 -14.063
12 0.0 -9.266 -13.845
24 0.0 -8.787 -13.562
36 0.0 -8.307 -13.365
48 0.0 -7.827 -13.060
60 0.0 -7.239 -12.755
72 0.0 -6.759 -12.581
84 0.0 -6.279 -12.275
96 0.0 -7.342 -13.351
108 0.0 -6.716 -13.776
120 0.0 -6.655 -13.340
132 0.0 -6.870 -12.946
144 0.0 -6.914 -13.505
156 0.0 -6.754 -13.063
168 0.0 -6.764 -13.240
180 0.0 -6.161 -13.217
192 0.0 -5.515 -13.687
204 0.0 -5.446 -13.512
216 0.0 -5.668 -13.343
228 0.0 -6.222 -13.357
0 1.0 -7.588 15.284
12 1.0 -7.217 15.415
24 1.0 -6.868 15.502
36 1.0 -6.388 15.698
48 1.0 -6.040 15.807
60 1.0 -5.560 15.982
72 1.0 -5.189 16.091
84 1.0 -4.819 16.200
96 1.0 -4.780 15.727
108 1.0 -5.008 15.997
120 1.0 -4.461 16.092
132 1.0 -4.613 15.930
144 1.0 -4.121 15.237
156 1.0 -4.255 15.806
168 1.0 -3.555 15.192
180 1.0 -3.511 15.590
192 1.0 -3.954 15.308
204 1.0 -4.075 15.740
216 1.0 -3.858 15.180
228 1.0 -3.319 15.558
0 3.0 28.148 19.558
12 3.0 28.148 19.558
24 3.0 28.148 19.558
36 3.0 28.148 19.558
48 3.0 28.148 19.558
60 3.0 28.148 19.558
72 3.0 28.148 19.558
84 3.0 28.148 19.558
96 3.0 28.122 19.606
108 3.0 28.040 19.606
120 3.0 28.055 19.587
132 3.0 28.105 19.516
144 3.0 28.090 19.578
156 3.0 28.016 19.544
168 3.0 28.128 19.526
180 3.0 28.106 19.570
192 3.0 28.078 19.560
204 3.0 28.093 19.533
216 3.0 28.111 19.563
228 3.0 28.039 19.547
0 5.0 27.123 20.735
12 5.0 27.123 20.735
24 5.0 27.123 20.735
36 5.0 27.123 20.735
48 5.0 27.123 20.735
60 5.0 27.123 20.735
72 5.0 27.123 20.735
84 5.0 27.123 20.735
96 5.0 27.138 20.807
108 5.0 27.157 20.831
120 5.0 27.206 20.786
132 5.0 27.203 20.875
144 5.0 27.246 20.820
156 5.0 27.178 20.783
168 5.0 27.132 20.759
180 5.0 27.125 20.792
192 5.0 27.168 20.776
204 5.0 27.126 20.767
216 5.0 27.152 20.695
228 5.0 27.105 20.682
0 7.0 27.254 21.629
12 7.0 27.254 21.629
24 7.0 27.254 21.629
36 7.0 27.254 21.629
48 7.0 27.254 21.629
60 7.0 27.254 21.629
72 7.0 27.254 21.629
84 7.0 27.254 21.629
96 7.0 27.245 21.582
108 7.0 27.324 21.591
120 7.0 27.368 21.608
132 7.0 27.345 21.547
144 7.0 27.263 21.597
156 7.0 27.264 21.556
168 7.0 27.275 21.572
180 7.0 27.257 21.634
192 7.0 27.273 21.642
204 7.0 27.204 21.667
216 7.0 27.219 21.636
228 7.0 27.253 21.620
0 9.0 11.338 21.367
12 9.0 11.817 21.476
24 9.0 12.406 21.585
36 9.0 12.908 21.673
48 9.0 13.475 21.782
60 9.0 14.085 21.869
72 9.0 14.565 21.978
84 9.0 15.175 22.065
96 9.0 14.363 21.779
108 9.0 14.283 21.848
120 9.0 14.458 20.889
132 9.0 14.235 21.996
144 9.0 13.847 21.999
156 9.0 14.899 22.189
168 9.0 14.347 21.722
180 9.0 14.689 21.906
192 9.0 15.093 21.540
204 9.0 15.353 21.298
216 9.0 15.144 21.494
228 9.0 16.081 21.281
240 2.0 0.589 17.857
252 2.0 0.938 18.075
264 2.0 1.417 18.162
276 2.0 1.766 18.249
288 2.0 2.137 18.380
300 2.0 2.507 18.555
312 2.0 2.856 18.664
324 2.0 3.205 18.860
336 2.0 3.246 18.228
348 2.0 3.754 17.671
360 2.0 4.311 17.992
372 2.0 4.041 18.490
384 2.0 5.685 17.699
396 2.0 4.990 18.348
408 2.0 4.382 18.276
420 2.0 4.899 18.549
432 2.0 5.910 18.132
444 2.0 5.707 18.514
456 2.0 5.082 18.551
468 2.0 4.889 18.231
240 4.0 28.148 19.558
252 4.0 28.148 19.558
264 4.0 28.148 19.558
276 4.0 28.148 19.558
288 4.0 28.148 19.558
300 4.0 28.148 19.558
312 4.0 28.148 19.558
324 4.0 28.148 19.558
336 4.0 28.159 19.588
348 4.0 28.157 19.624
360 4.0 28.186 19.626
372 4.0 28.198 19.631
384 4.0 28.255 19.630
396 4.0 28.170 19.509
408 4.0 28.127 19.531
420 4.0 28.159 19.505
432 4.0 28.184 19.556
444 4.0 28.217 19.565
456 4.0 28.171 19.513
468 4.0 28.171 19.551
240 6.0 27.123 20.735
252 6.0 27.123 20.735
264 6.0 27.123 20.735
276 6.0 27.123 20.735
288 6.0 27.123 20.735
300 6.0 27.123 20.735
312 6.0 27.123 20.735
324 6.0 27.123 20.735
336 6.0 27.191 20.679
348 6.0 27.126 20.666
360 6.0 27.061 20.658
372 6.0 27.067 20.659
384 6.0 27.120 20.700
396 6.0 27.157 20.727
408 6.0 27.235 20.707
420 6.0 27.245 20.750
432 6.0 27.236 20.730
444 6.0 27.192 20.715
456 6.0 27.173 20.719
468 6.0 27.151 20.704
240 8.0 27.254 21.629
252 8.0 27.254 21.629
264 8.0 27.254 21.629
276 8.0 27.254 21.629
288 8.0 27.254 21.629
300 8.0 27.254 21.629
312 8.0 27.254 21.629
324 8.0 27.254 21.629
336 8.0 27.214 21.640
348 8.0 27.167 21.614
360 8.0 27.143 21.612
372 8.0 27.148 21.612
384 8.0 27.138 21.649
396 8.0 27.143 21.687
408 8.0 27.154 21.646
420 8.0 27.157 21.639
432 8.0 27.111 21.642
444 8.0 27.136 21.570
456 8.0 27.151 21.626
468 8.0 27.146 21.571
